id	Alternatives	choice	price	energy_loss	maintenance	warranty	spare_parts	ease_install	problem_solving	quality	DA	DB	DC	DD	volume	district
1	ABB	0.0	6.0	6.0	7.0	6.0	6.0	5.0	7.0	5.0	1.0	0.0	0.0	0	761	1
1	GE	1.0	6.0	6.0	6.0	7.0	9.0	9.0	7.0	5.0	0.0	1.0	0.0	0	761	1
1	Westinghouse	0.0	6.0	5.0	7.0	5.0	3.0	4.0	7.0	6.0	0.0	0.0	1.0	0	761	1
1	Edison	0.0	5.0	5.0	6.0	7.0	8.0	2.0	6.0	5.0	0.0	0.0	0.0	1	761	1
2	ABB	0.0	3.0	4.0	5.0	4.0	4.0	5.0	6.0	4.0	1.0	0.0	0.0	0	627	1
2	GE	0.0	3.0	4.0	5.0	4.0	7.0	3.0	5.0	5.0	0.0	1.0	0.0	0	627	1
2	Westinghouse	0.0	4.0	5.0	5.0	5.0	5.0	7.0	6.0	4.0	0.0	0.0	1.0	0	627	1
2	Edison	1.0	4.0	5.0	6.0	5.0	4.0	5.0	5.0	6.0	0.0	0.0	0.0	1	627	1
3	ABB	1.0	6.0	6.0	7.0	7.0	6.0	7.0	7.0	6.0	1.0	0.0	0.0	0	643	2
3	GE	0.0	5.0	6.0	7.0	7.0	5.0	6.0	8.0	6.0	0.0	1.0	0.0	0	643	2
3	Westinghouse	0.0	5.0	6.0	7.0	5.0	5.0	8.0	6.0	5.0	0.0	0.0	1.0	0	643	2
3	Edison	0.0	6.0	5.0	5.0	4.0	2.0	8.0	6.0	5.0	0.0	0.0	0.0	1	643	2
4	ABB	0.0	6.0	6.0	5.0	5.0	4.0	5.0	5.0	5.0	1.0	0.0	0.0	0	562	3
4	GE	0.0	5.0	5.0	6.0	5.0	4.0	6.0	7.0	5.0	0.0	1.0	0.0	0	562	3
4	Westinghouse	0.0	4.0	4.0	5.0	4.0	6.0	7.0	5.0	3.0	0.0	0.0	1.0	0	562	3
4	Edison	1.0	4.0	4.0	6.0	7.0	7.0	8.0	7.0	5.0	0.0	0.0	0.0	1	562	3
5	ABB	0.0	4.0	4.0	6.0	8.0	7.0	1.0	5.0	4.0	1.0	0.0	0.0	0	469	3
5	GE	0.0	3.0	4.0	6.0	6.0	3.0	4.0	5.0	3.0	0.0	1.0	0.0	0	469	3
5	Westinghouse	1.0	5.0	5.0	4.0	5.0	6.0	5.0	6.0	4.0	0.0	0.0	1.0	0	469	3
5	Edison	0.0	2.0	3.0	6.0	4.0	4.0	2.0	5.0	3.0	0.0	0.0	0.0	1	469	3
6	ABB	0.0	5.0	4.0	5.0	4.0	6.0	7.0	6.0	5.0	1.0	0.0	0.0	0	233	1
6	GE	1.0	5.0	6.0	6.0	7.0	9.0	4.0	7.0	5.0	0.0	1.0	0.0	0	233	1
6	Westinghouse	0.0	4.0	6.0	6.0	7.0	7.0	5.0	6.0	5.0	0.0	0.0	1.0	0	233	1
6	Edison	0.0	3.0	5.0	7.0	8.0	5.0	6.0	6.0	4.0	0.0	0.0	0.0	1	233	1
7	ABB	0.0	6.0	6.0	7.0	6.0	3.0	5.0	6.0	6.0	1.0	0.0	0.0	0	664	3
7	GE	0.0	5.0	5.0	6.0	9.0	7.0	5.0	8.0	5.0	0.0	1.0	0.0	0	664	3
7	Westinghouse	0.0	4.0	5.0	7.0	7.0	5.0	6.0	6.0	6.0	0.0	0.0	1.0	0	664	3
7	Edison	1.0	5.0	6.0	7.0	7.0	6.0	8.0	6.0	6.0	0.0	0.0	0.0	1	664	3
8	ABB	0.0	3.0	4.0	5.0	1.0	3.0	4.0	3.0	4.0	1.0	0.0	0.0	0	767	3
8	GE	0.0	6.0	4.0	6.0	5.0	5.0	2.0	7.0	5.0	0.0	1.0	0.0	0	767	3
8	Westinghouse	0.0	4.0	5.0	4.0	2.0	3.0	3.0	5.0	4.0	0.0	0.0	1.0	0	767	3
8	Edison	1.0	5.0	5.0	5.0	5.0	4.0	8.0	5.0	5.0	0.0	0.0	0.0	1	767	3
9	ABB	0.0	7.0	6.0	5.0	5.0	7.0	2.0	5.0	6.0	1.0	0.0	0.0	0	467	1
9	GE	0.0	4.0	5.0	7.0	5.0	7.0	3.0	6.0	4.0	0.0	1.0	0.0	0	467	1
9	Westinghouse	0.0	6.0	6.0	6.0	5.0	7.0	5.0	6.0	6.0	0.0	0.0	1.0	0	467	1
9	Edison	1.0	4.0	5.0	7.0	9.0	4.0	7.0	8.0	6.0	0.0	0.0	0.0	1	467	1
10	ABB	0.0	5.0	5.0	7.0	6.0	6.0	7.0	6.0	5.0	1.0	0.0	0.0	0	844	1
10	GE	1.0	6.0	5.0	7.0	6.0	5.0	5.0	7.0	5.0	0.0	1.0	0.0	0	844	1
10	Westinghouse	0.0	5.0	5.0	5.0	1.0	2.0	4.0	6.0	5.0	0.0	0.0	1.0	0	844	1
10	Edison	0.0	5.0	4.0	5.0	2.0	6.0	5.0	5.0	5.0	0.0	0.0	0.0	1	844	1
11	ABB	1.0	5.0	5.0	6.0	5.0	6.0	5.0	5.0	5.0	1.0	0.0	0.0	0	1722	3
11	GE	0.0	5.0	5.0	7.0	4.0	5.0	4.0	5.0	5.0	0.0	1.0	0.0	0	1722	3
11	Westinghouse	0.0	5.0	5.0	5.0	5.0	3.0	6.0	7.0	4.0	0.0	0.0	1.0	0	1722	3
11	Edison	0.0	3.0	3.0	4.0	1.0	2.0	4.0	3.0	3.0	0.0	0.0	0.0	1	1722	3
12	ABB	0.0	5.0	6.0	6.0	5.0	7.0	2.0	7.0	5.0	1.0	0.0	0.0	0	928	1
12	GE	0.0	4.0	4.0	7.0	7.0	9.0	7.0	6.0	6.0	0.0	1.0	0.0	0	928	1
12	Westinghouse	0.0	6.0	7.0	7.0	4.0	6.0	5.0	7.0	6.0	0.0	0.0	1.0	0	928	1
12	Edison	1.0	6.0	6.0	9.0	9.0	8.0	6.0	7.0	6.0	0.0	0.0	0.0	1	928	1
13	ABB	1.0	4.0	5.0	8.0	9.0	9.0	8.0	7.0	5.0	1.0	0.0	0.0	0	466	2
13	GE	0.0	4.0	6.0	5.0	5.0	7.0	3.0	5.0	5.0	0.0	1.0	0.0	0	466	2
13	Westinghouse	0.0	5.0	5.0	7.0	7.0	8.0	4.0	7.0	6.0	0.0	0.0	1.0	0	466	2
13	Edison	0.0	4.0	4.0	4.0	4.0	1.0	4.0	4.0	5.0	0.0	0.0	0.0	1	466	2
14	ABB	0.0	6.0	6.0	5.0	4.0	4.0	5.0	7.0	5.0	1.0	0.0	0.0	0	211	1
14	GE	0.0	5.0	5.0	9.0	9.0	5.0	5.0	7.0	5.0	0.0	1.0	0.0	0	211	1
14	Westinghouse	1.0	6.0	6.0	6.0	6.0	8.0	6.0	8.0	7.0	0.0	0.0	1.0	0	211	1
14	Edison	0.0	5.0	5.0	5.0	5.0	2.0	8.0	6.0	4.0	0.0	0.0	0.0	1	211	1
15	ABB	0.0	6.0	6.0	6.0	4.0	5.0	5.0	4.0	6.0	1.0	0.0	0.0	0	696	2
15	GE	1.0	5.0	7.0	6.0	5.0	5.0	5.0	7.0	5.0	0.0	1.0	0.0	0	696	2
15	Westinghouse	0.0	6.0	6.0	5.0	2.0	5.0	5.0	5.0	5.0	0.0	0.0	1.0	0	696	2
15	Edison	0.0	4.0	4.0	5.0	7.0	7.0	5.0	6.0	4.0	0.0	0.0	0.0	1	696	2
16	ABB	0.0	4.0	5.0	5.0	3.0	4.0	2.0	6.0	4.0	1.0	0.0	0.0	0	894	3
16	GE	1.0	3.0	5.0	5.0	7.0	7.0	2.0	6.0	3.0	0.0	1.0	0.0	0	894	3
16	Westinghouse	0.0	6.0	6.0	4.0	1.0	4.0	1.0	4.0	4.0	0.0	0.0	1.0	0	894	3
16	Edison	0.0	6.0	5.0	4.0	6.0	4.0	2.0	4.0	2.0	0.0	0.0	0.0	1	894	3
17	ABB	0.0	4.0	5.0	5.0	7.0	6.0	3.0	7.0	3.0	1.0	0.0	0.0	0	1364	3
17	GE	1.0	4.0	4.0	5.0	6.0	5.0	9.0	6.0	4.0	0.0	1.0	0.0	0	1364	3
17	Westinghouse	0.0	5.0	5.0	4.0	3.0	4.0	5.0	5.0	5.0	0.0	0.0	1.0	0	1364	3
17	Edison	0.0	5.0	5.0	4.0	5.0	3.0	8.0	5.0	4.0	0.0	0.0	0.0	1	1364	3
18	ABB	0.0	5.0	4.0	5.0	6.0	7.0	7.0	6.0	6.0	1.0	0.0	0.0	0	408	3
18	GE	0.0	5.0	5.0	5.0	5.0	5.0	3.0	5.0	5.0	0.0	1.0	0.0	0	408	3
18	Westinghouse	1.0	5.0	5.0	6.0	8.0	4.0	8.0	7.0	5.0	0.0	0.0	1.0	0	408	3
18	Edison	0.0	1.0	3.0	4.0	4.0	3.0	5.0	3.0	3.0	0.0	0.0	0.0	1	408	3
19	ABB	0.0	5.0	5.0	7.0	5.0	5.0	4.0	6.0	5.0	1.0	0.0	0.0	0	733	1
19	GE	1.0	6.0	5.0	7.0	8.0	6.0	6.0	6.0	5.0	0.0	1.0	0.0	0	733	1
19	Westinghouse	0.0	4.0	4.0	4.0	3.0	3.0	4.0	5.0	5.0	0.0	0.0	1.0	0	733	1
19	Edison	0.0	4.0	4.0	5.0	4.0	3.0	7.0	5.0	5.0	0.0	0.0	0.0	1	733	1
20	ABB	0.0	3.0	4.0	5.0	6.0	5.0	9.0	5.0	4.0	1.0	0.0	0.0	0	1009	2
20	GE	1.0	4.0	5.0	6.0	8.0	6.0	5.0	7.0	4.0	0.0	1.0	0.0	0	1009	2
20	Westinghouse	0.0	5.0	5.0	5.0	5.0	4.0	5.0	5.0	4.0	0.0	0.0	1.0	0	1009	2
20	Edison	0.0	4.0	4.0	5.0	5.0	1.0	6.0	5.0	4.0	0.0	0.0	0.0	1	1009	2
21	ABB	1.0	6.0	5.0	8.0	6.0	6.0	7.0	7.0	6.0	1.0	0.0	0.0	0	749	3
21	GE	0.0	6.0	7.0	7.0	5.0	5.0	6.0	6.0	5.0	0.0	1.0	0.0	0	749	3
21	Westinghouse	0.0	6.0	6.0	6.0	3.0	6.0	3.0	5.0	6.0	0.0	0.0	1.0	0	749	3
21	Edison	0.0	6.0	5.0	5.0	7.0	5.0	6.0	5.0	6.0	0.0	0.0	0.0	1	749	3
22	ABB	0.0	4.0	5.0	6.0	7.0	9.0	8.0	7.0	6.0	1.0	0.0	0.0	0	518	2
22	GE	1.0	6.0	6.0	7.0	8.0	7.0	6.0	8.0	6.0	0.0	1.0	0.0	0	518	2
22	Westinghouse	0.0	5.0	5.0	6.0	4.0	3.0	6.0	6.0	5.0	0.0	0.0	1.0	0	518	2
22	Edison	0.0	5.0	6.0	8.0	9.0	9.0	5.0	7.0	5.0	0.0	0.0	0.0	1	518	2
23	ABB	0.0	6.0	6.0	6.0	7.0	8.0	4.0	6.0	6.0	1.0	0.0	0.0	0	871	2
23	GE	0.0	5.0	6.0	7.0	8.0	6.0	8.0	7.0	4.0	0.0	1.0	0.0	0	871	2
23	Westinghouse	0.0	6.0	6.0	7.0	5.0	5.0	6.0	7.0	5.0	0.0	0.0	1.0	0	871	2
23	Edison	1.0	5.0	6.0	8.0	8.0	7.0	8.0	7.0	6.0	0.0	0.0	0.0	1	871	2
24	ABB	1.0	6.0	6.0	8.0	8.0	5.0	6.0	7.0	6.0	1.0	0.0	0.0	0	322	1
24	GE	0.0	6.0	5.0	7.0	8.0	5.0	6.0	7.0	5.0	0.0	1.0	0.0	0	322	1
24	Westinghouse	0.0	6.0	5.0	6.0	8.0	4.0	6.0	8.0	6.0	0.0	0.0	1.0	0	322	1
24	Edison	0.0	5.0	5.0	6.0	4.0	7.0	7.0	6.0	4.0	0.0	0.0	0.0	1	322	1
25	ABB	0.0	5.0	6.0	5.0	5.0	2.0	9.0	5.0	7.0	1.0	0.0	0.0	0	800	2
25	GE	0.0	4.0	4.0	7.0	9.0	6.0	4.0	8.0	5.0	0.0	1.0	0.0	0	800	2
25	Westinghouse	1.0	7.0	7.0	6.0	5.0	6.0	4.0	6.0	6.0	0.0	0.0	1.0	0	800	2
25	Edison	0.0	5.0	5.0	5.0	3.0	6.0	5.0	6.0	4.0	0.0	0.0	0.0	1	800	2
26	ABB	0.0	6.0	6.0	6.0	4.0	5.0	7.0	5.0	6.0	1.0	0.0	0.0	0	899	2
26	GE	0.0	5.0	6.0	6.0	7.0	6.0	8.0	6.0	3.0	0.0	1.0	0.0	0	899	2
26	Westinghouse	0.0	5.0	4.0	5.0	7.0	4.0	6.0	7.0	6.0	0.0	0.0	1.0	0	899	2
26	Edison	1.0	6.0	5.0	5.0	4.0	5.0	5.0	6.0	7.0	0.0	0.0	0.0	1	899	2
27	ABB	0.0	3.0	4.0	3.0	1.0	3.0	6.0	3.0	3.0	1.0	0.0	0.0	0	871	1
27	GE	0.0	4.0	5.0	4.0	1.0	5.0	3.0	4.0	5.0	0.0	1.0	0.0	0	871	1
27	Westinghouse	0.0	4.0	3.0	5.0	3.0	2.0	2.0	5.0	4.0	0.0	0.0	1.0	0	871	1
27	Edison	1.0	5.0	5.0	4.0	3.0	4.0	3.0	5.0	5.0	0.0	0.0	0.0	1	871	1
28	ABB	0.0	5.0	5.0	7.0	6.0	3.0	8.0	7.0	6.0	1.0	0.0	0.0	0	855	3
28	GE	0.0	6.0	6.0	6.0	6.0	9.0	5.0	8.0	6.0	0.0	1.0	0.0	0	855	3
28	Westinghouse	0.0	6.0	6.0	7.0	9.0	9.0	2.0	7.0	7.0	0.0	0.0	1.0	0	855	3
28	Edison	1.0	6.0	7.0	8.0	8.0	9.0	3.0	8.0	6.0	0.0	0.0	0.0	1	855	3
29	ABB	0.0	1.0	3.0	5.0	6.0	7.0	4.0	4.0	3.0	1.0	0.0	0.0	0	290	2
29	GE	0.0	4.0	4.0	4.0	4.0	6.0	4.0	5.0	5.0	0.0	1.0	0.0	0	290	2
29	Westinghouse	0.0	4.0	5.0	6.0	7.0	5.0	4.0	6.0	4.0	0.0	0.0	1.0	0	290	2
29	Edison	1.0	4.0	6.0	6.0	6.0	7.0	7.0	6.0	5.0	0.0	0.0	0.0	1	290	2
30	ABB	0.0	4.0	4.0	7.0	7.0	5.0	5.0	5.0	4.0	1.0	0.0	0.0	0	672	1
30	GE	1.0	4.0	5.0	6.0	7.0	5.0	7.0	6.0	4.0	0.0	1.0	0.0	0	672	1
30	Westinghouse	0.0	3.0	5.0	6.0	4.0	4.0	3.0	4.0	3.0	0.0	0.0	1.0	0	672	1
30	Edison	0.0	4.0	4.0	6.0	7.0	5.0	5.0	6.0	4.0	0.0	0.0	0.0	1	672	1
31	ABB	0.0	3.0	4.0	3.0	2.0	1.0	9.0	4.0	4.0	1.0	0.0	0.0	0	37	2
31	GE	0.0	3.0	4.0	6.0	5.0	6.0	5.0	6.0	4.0	0.0	1.0	0.0	0	37	2
31	Westinghouse	1.0	5.0	5.0	5.0	2.0	4.0	2.0	5.0	4.0	0.0	0.0	1.0	0	37	2
31	Edison	0.0	2.0	3.0	4.0	6.0	6.0	3.0	5.0	2.0	0.0	0.0	0.0	1	37	2
32	ABB	0.0	6.0	4.0	7.0	7.0	6.0	8.0	7.0	5.0	1.0	0.0	0.0	0	6270	1
32	GE	0.0	4.0	5.0	6.0	5.0	6.0	7.0	5.0	4.0	0.0	1.0	0.0	0	6270	1
32	Westinghouse	1.0	7.0	6.0	6.0	7.0	5.0	6.0	7.0	7.0	0.0	0.0	1.0	0	6270	1
32	Edison	0.0	4.0	6.0	5.0	5.0	5.0	6.0	7.0	4.0	0.0	0.0	0.0	1	6270	1
33	ABB	0.0	4.0	4.0	5.0	3.0	6.0	6.0	6.0	3.0	1.0	0.0	0.0	0	890	3
33	GE	0.0	4.0	4.0	5.0	5.0	5.0	2.0	6.0	5.0	0.0	1.0	0.0	0	890	3
33	Westinghouse	0.0	4.0	4.0	4.0	3.0	3.0	5.0	4.0	5.0	0.0	0.0	1.0	0	890	3
33	Edison	1.0	5.0	5.0	5.0	4.0	6.0	2.0	6.0	5.0	0.0	0.0	0.0	1	890	3
34	ABB	0.0	4.0	4.0	4.0	5.0	3.0	5.0	6.0	4.0	1.0	0.0	0.0	0	355	2
34	GE	0.0	3.0	4.0	5.0	3.0	3.0	6.0	5.0	4.0	0.0	1.0	0.0	0	355	2
34	Westinghouse	0.0	3.0	4.0	4.0	5.0	3.0	6.0	5.0	5.0	0.0	0.0	1.0	0	355	2
34	Edison	1.0	5.0	4.0	5.0	7.0	6.0	4.0	6.0	6.0	0.0	0.0	0.0	1	355	2
35	ABB	0.0	7.0	6.0	7.0	6.0	4.0	5.0	7.0	7.0	1.0	0.0	0.0	0	14798	2
35	GE	0.0	5.0	6.0	8.0	7.0	8.0	5.0	7.0	5.0	0.0	1.0	0.0	0	14798	2
35	Westinghouse	0.0	5.0	5.0	8.0	9.0	9.0	7.0	8.0	5.0	0.0	0.0	1.0	0	14798	2
35	Edison	1.0	7.0	7.0	7.0	8.0	8.0	7.0	8.0	7.0	0.0	0.0	0.0	1	14798	2
36	ABB	0.0	5.0	4.0	4.0	2.0	5.0	4.0	5.0	6.0	1.0	0.0	0.0	0	511	3
36	GE	0.0	4.0	5.0	5.0	4.0	2.0	3.0	5.0	4.0	0.0	1.0	0.0	0	511	3
36	Westinghouse	1.0	4.0	4.0	6.0	5.0	3.0	5.0	5.0	5.0	0.0	0.0	1.0	0	511	3
36	Edison	0.0	3.0	3.0	4.0	3.0	6.0	2.0	4.0	3.0	0.0	0.0	0.0	1	511	3
37	ABB	1.0	5.0	6.0	5.0	6.0	4.0	2.0	7.0	5.0	1.0	0.0	0.0	0	767	2
37	GE	0.0	4.0	5.0	5.0	5.0	4.0	8.0	6.0	7.0	0.0	1.0	0.0	0	767	2
37	Westinghouse	0.0	5.0	5.0	7.0	8.0	7.0	8.0	6.0	5.0	0.0	0.0	1.0	0	767	2
37	Edison	0.0	5.0	5.0	5.0	3.0	4.0	6.0	6.0	6.0	0.0	0.0	0.0	1	767	2
38	ABB	1.0	5.0	5.0	5.0	4.0	6.0	9.0	6.0	6.0	1.0	0.0	0.0	0	182	2
38	GE	0.0	4.0	5.0	5.0	3.0	4.0	7.0	4.0	5.0	0.0	1.0	0.0	0	182	2
38	Westinghouse	0.0	3.0	4.0	7.0	6.0	6.0	5.0	7.0	3.0	0.0	0.0	1.0	0	182	2
38	Edison	0.0	4.0	3.0	6.0	6.0	6.0	7.0	6.0	4.0	0.0	0.0	0.0	1	182	2
39	ABB	0.0	5.0	6.0	7.0	8.0	5.0	5.0	9.0	5.0	1.0	0.0	0.0	0	796	1
39	GE	0.0	6.0	7.0	6.0	5.0	4.0	6.0	7.0	5.0	0.0	1.0	0.0	0	796	1
39	Westinghouse	1.0	6.0	6.0	7.0	7.0	7.0	6.0	8.0	6.0	0.0	0.0	1.0	0	796	1
39	Edison	0.0	6.0	5.0	4.0	2.0	3.0	9.0	5.0	5.0	0.0	0.0	0.0	1	796	1
40	ABB	0.0	4.0	5.0	5.0	4.0	9.0	7.0	5.0	5.0	1.0	0.0	0.0	0	808	1
40	GE	0.0	5.0	4.0	6.0	5.0	6.0	3.0	6.0	4.0	0.0	1.0	0.0	0	808	1
40	Westinghouse	1.0	5.0	6.0	6.0	4.0	5.0	6.0	6.0	6.0	0.0	0.0	1.0	0	808	1
40	Edison	0.0	5.0	5.0	6.0	9.0	6.0	6.0	7.0	5.0	0.0	0.0	0.0	1	808	1
41	ABB	1.0	5.0	5.0	6.0	8.0	3.0	2.0	7.0	6.0	1.0	0.0	0.0	0	444	1
41	GE	0.0	4.0	5.0	5.0	5.0	6.0	3.0	5.0	5.0	0.0	1.0	0.0	0	444	1
41	Westinghouse	0.0	4.0	6.0	8.0	9.0	8.0	6.0	7.0	5.0	0.0	0.0	1.0	0	444	1
41	Edison	0.0	2.0	3.0	3.0	1.0	2.0	3.0	3.0	3.0	0.0	0.0	0.0	1	444	1
42	ABB	1.0	6.0	7.0	8.0	4.0	7.0	7.0	7.0	6.0	1.0	0.0	0.0	0	752	1
42	GE	0.0	5.0	6.0	7.0	7.0	5.0	3.0	7.0	6.0	0.0	1.0	0.0	0	752	1
42	Westinghouse	0.0	5.0	6.0	8.0	9.0	9.0	1.0	7.0	4.0	0.0	0.0	1.0	0	752	1
42	Edison	0.0	4.0	5.0	6.0	8.0	2.0	4.0	6.0	4.0	0.0	0.0	0.0	1	752	1
43	ABB	0.0	4.0	5.0	6.0	7.0	7.0	8.0	7.0	5.0	1.0	0.0	0.0	0	12514	2
43	GE	0.0	6.0	5.0	6.0	3.0	3.0	5.0	5.0	6.0	0.0	1.0	0.0	0	12514	2
43	Westinghouse	1.0	6.0	6.0	7.0	4.0	6.0	5.0	7.0	6.0	0.0	0.0	1.0	0	12514	2
43	Edison	0.0	3.0	3.0	5.0	5.0	6.0	1.0	6.0	4.0	0.0	0.0	0.0	1	12514	2
44	ABB	1.0	6.0	6.0	7.0	9.0	8.0	6.0	8.0	7.0	1.0	0.0	0.0	0	10997	2
44	GE	0.0	6.0	6.0	6.0	6.0	8.0	8.0	8.0	5.0	0.0	1.0	0.0	0	10997	2
44	Westinghouse	0.0	6.0	6.0	7.0	8.0	7.0	9.0	8.0	6.0	0.0	0.0	1.0	0	10997	2
44	Edison	0.0	4.0	5.0	8.0	9.0	6.0	6.0	8.0	4.0	0.0	0.0	0.0	1	10997	2
45	ABB	1.0	5.0	5.0	4.0	2.0	4.0	3.0	6.0	4.0	1.0	0.0	0.0	0	415	1
45	GE	0.0	4.0	3.0	4.0	5.0	3.0	4.0	4.0	3.0	0.0	1.0	0.0	0	415	1
45	Westinghouse	0.0	5.0	4.0	4.0	1.0	3.0	3.0	5.0	3.0	0.0	0.0	1.0	0	415	1
45	Edison	0.0	4.0	4.0	5.0	6.0	4.0	3.0	5.0	4.0	0.0	0.0	0.0	1	415	1
46	ABB	0.0	5.0	4.0	6.0	4.0	4.0	7.0	5.0	5.0	1.0	0.0	0.0	0	251	2
46	GE	0.0	4.0	4.0	4.0	1.0	6.0	7.0	5.0	3.0	0.0	1.0	0.0	0	251	2
46	Westinghouse	1.0	5.0	5.0	5.0	6.0	4.0	3.0	5.0	5.0	0.0	0.0	1.0	0	251	2
46	Edison	0.0	3.0	3.0	5.0	5.0	3.0	3.0	4.0	3.0	0.0	0.0	0.0	1	251	2
47	ABB	0.0	2.0	3.0	5.0	2.0	4.0	2.0	5.0	3.0	1.0	0.0	0.0	0	956	2
47	GE	1.0	4.0	4.0	5.0	6.0	5.0	4.0	6.0	4.0	0.0	1.0	0.0	0	956	2
47	Westinghouse	0.0	3.0	4.0	5.0	6.0	4.0	5.0	4.0	4.0	0.0	0.0	1.0	0	956	2
47	Edison	0.0	3.0	3.0	5.0	8.0	8.0	2.0	6.0	4.0	0.0	0.0	0.0	1	956	2
48	ABB	0.0	5.0	6.0	6.0	7.0	3.0	4.0	6.0	5.0	1.0	0.0	0.0	0	335	2
48	GE	0.0	6.0	7.0	8.0	7.0	9.0	4.0	7.0	6.0	0.0	1.0	0.0	0	335	2
48	Westinghouse	1.0	7.0	7.0	9.0	9.0	9.0	4.0	8.0	7.0	0.0	0.0	1.0	0	335	2
48	Edison	0.0	5.0	5.0	5.0	4.0	5.0	5.0	5.0	4.0	0.0	0.0	0.0	1	335	2
49	ABB	0.0	4.0	4.0	6.0	6.0	3.0	6.0	6.0	5.0	1.0	0.0	0.0	0	37	3
49	GE	0.0	5.0	5.0	6.0	4.0	8.0	7.0	7.0	6.0	0.0	1.0	0.0	0	37	3
49	Westinghouse	1.0	6.0	6.0	7.0	7.0	7.0	6.0	7.0	5.0	0.0	0.0	1.0	0	37	3
49	Edison	0.0	5.0	6.0	4.0	2.0	4.0	4.0	5.0	6.0	0.0	0.0	0.0	1	37	3
50	ABB	1.0	6.0	6.0	5.0	3.0	5.0	5.0	6.0	4.0	1.0	0.0	0.0	0	584	3
50	GE	0.0	5.0	5.0	6.0	3.0	6.0	7.0	6.0	6.0	0.0	1.0	0.0	0	584	3
50	Westinghouse	0.0	4.0	6.0	6.0	4.0	5.0	4.0	5.0	5.0	0.0	0.0	1.0	0	584	3
50	Edison	0.0	3.0	3.0	6.0	9.0	7.0	4.0	6.0	4.0	0.0	0.0	0.0	1	584	3
51	ABB	0.0	6.0	6.0	6.0	8.0	9.0	5.0	7.0	6.0	1.0	0.0	0.0	0	777	1
51	GE	0.0	4.0	5.0	6.0	7.0	5.0	4.0	7.0	6.0	0.0	1.0	0.0	0	777	1
51	Westinghouse	1.0	6.0	7.0	7.0	6.0	5.0	5.0	9.0	6.0	0.0	0.0	1.0	0	777	1
51	Edison	0.0	4.0	5.0	3.0	1.0	4.0	2.0	4.0	4.0	0.0	0.0	0.0	1	777	1
52	ABB	0.0	5.0	6.0	6.0	5.0	5.0	5.0	6.0	5.0	1.0	0.0	0.0	0	787	2
52	GE	0.0	5.0	5.0	7.0	8.0	5.0	7.0	7.0	5.0	0.0	1.0	0.0	0	787	2
52	Westinghouse	1.0	6.0	6.0	6.0	5.0	5.0	9.0	7.0	6.0	0.0	0.0	1.0	0	787	2
52	Edison	0.0	4.0	5.0	7.0	6.0	6.0	9.0	7.0	5.0	0.0	0.0	0.0	1	787	2
53	ABB	0.0	5.0	5.0	4.0	2.0	3.0	7.0	5.0	5.0	1.0	0.0	0.0	0	989	2
53	GE	0.0	3.0	4.0	5.0	8.0	7.0	1.0	6.0	4.0	0.0	1.0	0.0	0	989	2
53	Westinghouse	1.0	3.0	5.0	6.0	7.0	6.0	3.0	6.0	5.0	0.0	0.0	1.0	0	989	2
53	Edison	0.0	2.0	4.0	5.0	2.0	1.0	5.0	3.0	4.0	0.0	0.0	0.0	1	989	2
54	ABB	1.0	4.0	4.0	7.0	6.0	3.0	4.0	5.0	4.0	1.0	0.0	0.0	0	660	1
54	GE	0.0	3.0	4.0	6.0	5.0	5.0	4.0	7.0	2.0	0.0	1.0	0.0	0	660	1
54	Westinghouse	0.0	3.0	4.0	3.0	1.0	4.0	6.0	4.0	3.0	0.0	0.0	1.0	0	660	1
54	Edison	0.0	5.0	3.0	6.0	2.0	3.0	6.0	5.0	5.0	0.0	0.0	0.0	1	660	1
55	ABB	0.0	4.0	4.0	4.0	5.0	3.0	3.0	5.0	5.0	1.0	0.0	0.0	0	728	2
55	GE	0.0	4.0	4.0	4.0	3.0	3.0	5.0	5.0	4.0	0.0	1.0	0.0	0	728	2
55	Westinghouse	0.0	3.0	3.0	5.0	3.0	7.0	7.0	5.0	3.0	0.0	0.0	1.0	0	728	2
55	Edison	1.0	6.0	6.0	6.0	6.0	3.0	6.0	6.0	4.0	0.0	0.0	0.0	1	728	2
56	ABB	0.0	5.0	3.0	5.0	3.0	6.0	5.0	5.0	5.0	1.0	0.0	0.0	0	216	2
56	GE	0.0	4.0	3.0	3.0	4.0	2.0	4.0	5.0	5.0	0.0	1.0	0.0	0	216	2
56	Westinghouse	1.0	3.0	4.0	6.0	9.0	7.0	6.0	7.0	3.0	0.0	0.0	1.0	0	216	2
56	Edison	0.0	3.0	4.0	5.0	5.0	1.0	6.0	5.0	3.0	0.0	0.0	0.0	1	216	2
57	ABB	1.0	6.0	5.0	5.0	6.0	6.0	6.0	6.0	4.0	1.0	0.0	0.0	0	736	1
57	GE	0.0	5.0	5.0	5.0	5.0	4.0	6.0	6.0	5.0	0.0	1.0	0.0	0	736	1
57	Westinghouse	0.0	4.0	5.0	5.0	4.0	6.0	6.0	5.0	5.0	0.0	0.0	1.0	0	736	1
57	Edison	0.0	2.0	4.0	5.0	3.0	5.0	6.0	4.0	2.0	0.0	0.0	0.0	1	736	1
58	ABB	1.0	3.0	4.0	6.0	8.0	8.0	6.0	6.0	4.0	1.0	0.0	0.0	0	700	3
58	GE	0.0	1.0	3.0	5.0	3.0	4.0	5.0	4.0	2.0	0.0	1.0	0.0	0	700	3
58	Westinghouse	0.0	4.0	3.0	6.0	6.0	5.0	2.0	6.0	5.0	0.0	0.0	1.0	0	700	3
58	Edison	0.0	2.0	3.0	2.0	2.0	2.0	5.0	3.0	2.0	0.0	0.0	0.0	1	700	3
59	ABB	0.0	4.0	4.0	4.0	5.0	3.0	5.0	6.0	4.0	1.0	0.0	0.0	0	65	2
59	GE	0.0	1.0	3.0	6.0	7.0	5.0	7.0	6.0	2.0	0.0	1.0	0.0	0	65	2
59	Westinghouse	1.0	4.0	5.0	5.0	6.0	4.0	8.0	6.0	4.0	0.0	0.0	1.0	0	65	2
59	Edison	0.0	4.0	4.0	5.0	9.0	4.0	5.0	6.0	3.0	0.0	0.0	0.0	1	65	2
60	ABB	0.0	4.0	4.0	6.0	7.0	5.0	4.0	6.0	4.0	1.0	0.0	0.0	0	464	1
60	GE	1.0	7.0	7.0	4.0	4.0	4.0	3.0	6.0	7.0	0.0	1.0	0.0	0	464	1
60	Westinghouse	0.0	3.0	3.0	7.0	9.0	7.0	5.0	6.0	4.0	0.0	0.0	1.0	0	464	1
60	Edison	0.0	4.0	4.0	4.0	2.0	4.0	5.0	4.0	4.0	0.0	0.0	0.0	1	464	1
61	ABB	1.0	6.0	5.0	6.0	5.0	4.0	4.0	6.0	5.0	1.0	0.0	0.0	0	462	3
61	GE	0.0	2.0	4.0	5.0	5.0	4.0	9.0	6.0	4.0	0.0	1.0	0.0	0	462	3
61	Westinghouse	0.0	6.0	6.0	5.0	6.0	4.0	4.0	5.0	5.0	0.0	0.0	1.0	0	462	3
61	Edison	0.0	5.0	5.0	4.0	3.0	5.0	5.0	5.0	5.0	0.0	0.0	0.0	1	462	3
62	ABB	0.0	4.0	4.0	4.0	1.0	3.0	8.0	4.0	4.0	1.0	0.0	0.0	0	289	2
62	GE	0.0	3.0	3.0	4.0	2.0	5.0	3.0	4.0	4.0	0.0	1.0	0.0	0	289	2
62	Westinghouse	1.0	4.0	6.0	5.0	2.0	2.0	6.0	5.0	5.0	0.0	0.0	1.0	0	289	2
62	Edison	0.0	1.0	1.0	5.0	3.0	3.0	2.0	4.0	3.0	0.0	0.0	0.0	1	289	2
63	ABB	0.0	4.0	5.0	5.0	5.0	7.0	2.0	6.0	4.0	1.0	0.0	0.0	0	198	2
63	GE	0.0	4.0	5.0	6.0	6.0	7.0	4.0	7.0	4.0	0.0	1.0	0.0	0	198	2
63	Westinghouse	1.0	6.0	6.0	6.0	8.0	5.0	5.0	7.0	6.0	0.0	0.0	1.0	0	198	2
63	Edison	0.0	6.0	7.0	5.0	6.0	6.0	4.0	6.0	7.0	0.0	0.0	0.0	1	198	2
64	ABB	0.0	3.0	4.0	5.0	4.0	5.0	2.0	5.0	3.0	1.0	0.0	0.0	0	438	1
64	GE	1.0	4.0	4.0	5.0	4.0	3.0	7.0	5.0	4.0	0.0	1.0	0.0	0	438	1
64	Westinghouse	0.0	4.0	4.0	5.0	2.0	6.0	3.0	4.0	4.0	0.0	0.0	1.0	0	438	1
64	Edison	0.0	4.0	5.0	5.0	2.0	4.0	2.0	5.0	4.0	0.0	0.0	0.0	1	438	1
65	ABB	0.0	6.0	5.0	6.0	6.0	3.0	3.0	7.0	6.0	1.0	0.0	0.0	0	504	1
65	GE	0.0	6.0	7.0	6.0	5.0	4.0	3.0	7.0	5.0	0.0	1.0	0.0	0	504	1
65	Westinghouse	0.0	5.0	5.0	7.0	6.0	6.0	7.0	6.0	6.0	0.0	0.0	1.0	0	504	1
65	Edison	1.0	7.0	6.0	6.0	4.0	6.0	9.0	7.0	7.0	0.0	0.0	0.0	1	504	1
66	ABB	0.0	3.0	4.0	6.0	5.0	8.0	5.0	6.0	4.0	1.0	0.0	0.0	0	9793	3
66	GE	1.0	4.0	5.0	5.0	4.0	5.0	6.0	5.0	4.0	0.0	1.0	0.0	0	9793	3
66	Westinghouse	0.0	4.0	4.0	4.0	5.0	5.0	2.0	5.0	5.0	0.0	0.0	1.0	0	9793	3
66	Edison	0.0	3.0	4.0	5.0	6.0	4.0	6.0	5.0	3.0	0.0	0.0	0.0	1	9793	3
67	ABB	0.0	4.0	4.0	6.0	5.0	4.0	4.0	7.0	5.0	1.0	0.0	0.0	0	676	3
67	GE	0.0	5.0	5.0	5.0	2.0	3.0	8.0	5.0	5.0	0.0	1.0	0.0	0	676	3
67	Westinghouse	0.0	2.0	3.0	5.0	1.0	6.0	4.0	3.0	3.0	0.0	0.0	1.0	0	676	3
67	Edison	1.0	4.0	5.0	7.0	7.0	4.0	5.0	6.0	4.0	0.0	0.0	0.0	1	676	3
68	ABB	0.0	4.0	5.0	6.0	7.0	5.0	5.0	7.0	5.0	1.0	0.0	0.0	0	37	1
68	GE	1.0	4.0	5.0	7.0	8.0	6.0	8.0	7.0	5.0	0.0	1.0	0.0	0	37	1
68	Westinghouse	0.0	5.0	4.0	5.0	5.0	4.0	5.0	6.0	5.0	0.0	0.0	1.0	0	37	1
68	Edison	0.0	5.0	5.0	6.0	2.0	6.0	1.0	5.0	5.0	0.0	0.0	0.0	1	37	1
69	ABB	1.0	3.0	5.0	7.0	9.0	6.0	3.0	7.0	4.0	1.0	0.0	0.0	0	528	1
69	GE	0.0	5.0	6.0	5.0	3.0	5.0	6.0	5.0	5.0	0.0	1.0	0.0	0	528	1
69	Westinghouse	0.0	3.0	4.0	4.0	3.0	3.0	8.0	5.0	4.0	0.0	0.0	1.0	0	528	1
69	Edison	0.0	2.0	2.0	5.0	4.0	1.0	2.0	5.0	3.0	0.0	0.0	0.0	1	528	1
70	ABB	0.0	3.0	5.0	5.0	3.0	6.0	3.0	4.0	4.0	1.0	0.0	0.0	0	686	1
70	GE	1.0	5.0	5.0	5.0	4.0	6.0	7.0	6.0	5.0	0.0	1.0	0.0	0	686	1
70	Westinghouse	0.0	2.0	3.0	5.0	4.0	2.0	3.0	5.0	3.0	0.0	0.0	1.0	0	686	1
70	Edison	0.0	3.0	4.0	4.0	1.0	2.0	2.0	3.0	3.0	0.0	0.0	0.0	1	686	1
71	ABB	0.0	6.0	6.0	6.0	3.0	4.0	6.0	6.0	6.0	1.0	0.0	0.0	0	301	3
71	GE	0.0	4.0	5.0	8.0	5.0	6.0	9.0	6.0	5.0	0.0	1.0	0.0	0	301	3
71	Westinghouse	1.0	5.0	5.0	7.0	6.0	7.0	9.0	8.0	6.0	0.0	0.0	1.0	0	301	3
71	Edison	0.0	3.0	5.0	5.0	4.0	6.0	6.0	6.0	4.0	0.0	0.0	0.0	1	301	3
72	ABB	0.0	5.0	4.0	5.0	2.0	5.0	8.0	5.0	5.0	1.0	0.0	0.0	0	245	3
72	GE	0.0	5.0	6.0	5.0	4.0	4.0	3.0	6.0	4.0	0.0	1.0	0.0	0	245	3
72	Westinghouse	0.0	5.0	6.0	6.0	5.0	5.0	4.0	5.0	5.0	0.0	0.0	1.0	0	245	3
72	Edison	1.0	5.0	5.0	6.0	9.0	7.0	4.0	7.0	4.0	0.0	0.0	0.0	1	245	3
73	ABB	0.0	4.0	5.0	6.0	5.0	7.0	6.0	6.0	4.0	1.0	0.0	0.0	0	396	3
73	GE	1.0	5.0	5.0	7.0	8.0	7.0	7.0	7.0	6.0	0.0	1.0	0.0	0	396	3
73	Westinghouse	0.0	5.0	4.0	4.0	1.0	3.0	6.0	4.0	5.0	0.0	0.0	1.0	0	396	3
73	Edison	0.0	2.0	3.0	5.0	2.0	4.0	1.0	5.0	2.0	0.0	0.0	0.0	1	396	3
74	ABB	0.0	3.0	3.0	6.0	7.0	6.0	9.0	6.0	4.0	1.0	0.0	0.0	0	1219	1
74	GE	1.0	5.0	5.0	6.0	5.0	4.0	4.0	5.0	5.0	0.0	1.0	0.0	0	1219	1
74	Westinghouse	0.0	3.0	4.0	5.0	3.0	1.0	8.0	4.0	3.0	0.0	0.0	1.0	0	1219	1
74	Edison	0.0	3.0	2.0	6.0	6.0	4.0	4.0	5.0	4.0	0.0	0.0	0.0	1	1219	1
75	ABB	0.0	4.0	4.0	6.0	5.0	5.0	5.0	6.0	5.0	1.0	0.0	0.0	0	267	1
75	GE	0.0	4.0	4.0	6.0	6.0	6.0	7.0	6.0	4.0	0.0	1.0	0.0	0	267	1
75	Westinghouse	0.0	5.0	5.0	7.0	6.0	5.0	7.0	7.0	6.0	0.0	0.0	1.0	0	267	1
75	Edison	1.0	6.0	6.0	6.0	6.0	7.0	7.0	7.0	6.0	0.0	0.0	0.0	1	267	1
76	ABB	0.0	6.0	6.0	6.0	7.0	7.0	8.0	7.0	6.0	1.0	0.0	0.0	0	760	2
76	GE	0.0	4.0	5.0	7.0	7.0	7.0	5.0	7.0	5.0	0.0	1.0	0.0	0	760	2
76	Westinghouse	1.0	7.0	7.0	6.0	5.0	7.0	7.0	6.0	7.0	0.0	0.0	1.0	0	760	2
76	Edison	0.0	6.0	6.0	7.0	8.0	8.0	8.0	7.0	6.0	0.0	0.0	0.0	1	760	2
77	ABB	0.0	5.0	4.0	5.0	5.0	6.0	6.0	6.0	5.0	1.0	0.0	0.0	0	777	2
77	GE	0.0	3.0	4.0	6.0	4.0	5.0	6.0	6.0	5.0	0.0	1.0	0.0	0	777	2
77	Westinghouse	1.0	7.0	7.0	6.0	5.0	5.0	7.0	6.0	6.0	0.0	0.0	1.0	0	777	2
77	Edison	0.0	5.0	4.0	6.0	5.0	5.0	5.0	6.0	6.0	0.0	0.0	0.0	1	777	2
78	ABB	0.0	5.0	6.0	6.0	6.0	7.0	7.0	6.0	6.0	1.0	0.0	0.0	0	226	2
78	GE	0.0	5.0	6.0	7.0	6.0	7.0	7.0	7.0	6.0	0.0	1.0	0.0	0	226	2
78	Westinghouse	0.0	5.0	6.0	8.0	9.0	7.0	7.0	7.0	6.0	0.0	0.0	1.0	0	226	2
78	Edison	1.0	6.0	6.0	7.0	6.0	5.0	6.0	7.0	7.0	0.0	0.0	0.0	1	226	2
79	ABB	0.0	3.0	3.0	6.0	5.0	4.0	4.0	5.0	3.0	1.0	0.0	0.0	0	199	3
79	GE	0.0	3.0	3.0	5.0	5.0	5.0	4.0	5.0	4.0	0.0	1.0	0.0	0	199	3
79	Westinghouse	1.0	4.0	4.0	6.0	6.0	5.0	5.0	5.0	4.0	0.0	0.0	1.0	0	199	3
79	Edison	0.0	2.0	3.0	6.0	6.0	6.0	5.0	5.0	3.0	0.0	0.0	0.0	1	199	3
80	ABB	0.0	2.0	3.0	5.0	6.0	5.0	5.0	6.0	3.0	1.0	0.0	0.0	0	547	1
80	GE	0.0	4.0	5.0	5.0	6.0	5.0	4.0	6.0	5.0	0.0	1.0	0.0	0	547	1
80	Westinghouse	1.0	5.0	4.0	5.0	5.0	5.0	5.0	6.0	6.0	0.0	0.0	1.0	0	547	1
80	Edison	0.0	4.0	4.0	4.0	5.0	5.0	5.0	6.0	3.0	0.0	0.0	0.0	1	547	1
81	ABB	0.0	5.0	5.0	7.0	5.0	5.0	5.0	6.0	5.0	1.0	0.0	0.0	0	618	2
81	GE	1.0	6.0	6.0	6.0	5.0	5.0	5.0	6.0	6.0	0.0	1.0	0.0	0	618	2
81	Westinghouse	0.0	4.0	5.0	5.0	4.0	6.0	7.0	5.0	4.0	0.0	0.0	1.0	0	618	2
81	Edison	0.0	5.0	5.0	6.0	6.0	7.0	6.0	6.0	6.0	0.0	0.0	0.0	1	618	2
82	ABB	0.0	4.0	4.0	6.0	6.0	6.0	7.0	6.0	5.0	1.0	0.0	0.0	0	307	1
82	GE	1.0	5.0	6.0	5.0	4.0	6.0	6.0	6.0	5.0	0.0	1.0	0.0	0	307	1
82	Westinghouse	0.0	3.0	3.0	5.0	6.0	5.0	6.0	6.0	5.0	0.0	0.0	1.0	0	307	1
82	Edison	0.0	4.0	3.0	5.0	4.0	4.0	5.0	4.0	4.0	0.0	0.0	0.0	1	307	1
83	ABB	0.0	6.0	7.0	5.0	6.0	5.0	8.0	6.0	6.0	1.0	0.0	0.0	0	629	3
83	GE	0.0	5.0	5.0	8.0	5.0	5.0	3.0	6.0	5.0	0.0	1.0	0.0	0	629	3
83	Westinghouse	1.0	7.0	7.0	5.0	5.0	4.0	5.0	7.0	6.0	0.0	0.0	1.0	0	629	3
83	Edison	0.0	4.0	4.0	5.0	5.0	4.0	7.0	5.0	4.0	0.0	0.0	0.0	1	629	3
84	ABB	0.0	5.0	7.0	7.0	8.0	7.0	7.0	7.0	6.0	1.0	0.0	0.0	0	1404	3
84	GE	1.0	7.0	7.0	6.0	5.0	6.0	7.0	7.0	6.0	0.0	1.0	0.0	0	1404	3
84	Westinghouse	0.0	4.0	5.0	7.0	7.0	7.0	5.0	7.0	5.0	0.0	0.0	1.0	0	1404	3
84	Edison	0.0	3.0	4.0	7.0	7.0	6.0	4.0	7.0	4.0	0.0	0.0	0.0	1	1404	3
85	ABB	0.0	2.0	4.0	5.0	3.0	4.0	5.0	4.0	3.0	1.0	0.0	0.0	0	35	1
85	GE	0.0	4.0	4.0	5.0	5.0	6.0	4.0	6.0	4.0	0.0	1.0	0.0	0	35	1
85	Westinghouse	0.0	3.0	5.0	5.0	4.0	3.0	4.0	5.0	4.0	0.0	0.0	1.0	0	35	1
85	Edison	1.0	5.0	4.0	4.0	3.0	4.0	4.0	5.0	5.0	0.0	0.0	0.0	1	35	1
86	ABB	0.0	6.0	6.0	5.0	5.0	5.0	4.0	6.0	5.0	1.0	0.0	0.0	0	480	3
86	GE	1.0	5.0	6.0	6.0	6.0	5.0	5.0	6.0	5.0	0.0	1.0	0.0	0	480	3
86	Westinghouse	0.0	4.0	5.0	5.0	5.0	5.0	4.0	5.0	4.0	0.0	0.0	1.0	0	480	3
86	Edison	0.0	5.0	5.0	5.0	5.0	5.0	5.0	6.0	5.0	0.0	0.0	0.0	1	480	3
87	ABB	1.0	6.0	6.0	7.0	7.0	7.0	6.0	7.0	5.0	1.0	0.0	0.0	0	395	2
87	GE	0.0	5.0	5.0	7.0	6.0	7.0	8.0	7.0	5.0	0.0	1.0	0.0	0	395	2
87	Westinghouse	0.0	5.0	5.0	6.0	6.0	7.0	7.0	7.0	6.0	0.0	0.0	1.0	0	395	2
87	Edison	0.0	4.0	5.0	6.0	6.0	6.0	5.0	7.0	5.0	0.0	0.0	0.0	1	395	2
88	ABB	0.0	5.0	5.0	5.0	4.0	4.0	5.0	5.0	3.0	1.0	0.0	0.0	0	207	2
88	GE	1.0	5.0	4.0	4.0	4.0	4.0	4.0	5.0	5.0	0.0	1.0	0.0	0	207	2
88	Westinghouse	0.0	3.0	4.0	6.0	4.0	4.0	5.0	5.0	4.0	0.0	0.0	1.0	0	207	2
88	Edison	0.0	3.0	3.0	3.0	4.0	3.0	5.0	5.0	3.0	0.0	0.0	0.0	1	207	2
