CASO,KCMATER,HB,HC,HD,HE,HF,HG,HH,HI,FIREP,FICCUID,FIDIST,FICDOC,FICAMIG,FIPUBLI,FIAMAB,FIIMOD,FIEMOD,FISEG,FAMIL,ELECHOSP,SERPERF,ALEALTAD,AMSERV,ASCOM,ACALIDAD,ACOMOD,VKC,VB,VC,VD,VE,VF,VG,VH,VI,INTERES,COMPROM,ESFUER,MOTIV,DIFICULT,SEXO,ESTADOMA,EDAD,NIVELEDU,INGRESOS,PC1,PC2,PC3,clusterpca
1,0,1,1,0,0,1,0,0,0,5,2,3,6,2,2,3,5,5,3,5,1e+07,0,3,6,3,4,3,0,4,0,0,0,0,3,0,0,5,4,4,3,5,0,0,100,1,1,2.97112796217462,0.296849633045131,0.131117974699218,1
2,1,0,0,0,0,0,0,0,0,2,3,5,3,2,2,2,2,3,3,1,0,1,4,2,2,2,6,5,0,2,0,0,7,0,0,0,5,5,4,5,5,1,10,1,0,0,0.361590280191906,-1.3285562780146,3.14358531944545,2
3,0,1,1,0,0,1,0,0,0,5,3,3,6,3,2,2,6,5,3,6,1e+07,0,5,5,2,4,2,0,3,0,0,0,0,0,0,0,5,5,6,5,6,0,0,100,1,10,2.99949470678825,0.583940827670683,-0.0364502297219251,1
4,0,1,1,0,0,1,0,0,0,6,3,3,4,2,2,3,5,5,3,5,1e+06,0,4,6,2,4,2,0,0,9,0,0,0,0,0,0,6,5,5,4,4,0,0,0,1,1,2.52897318245123,0.370774002835054,0.10784080607328,1
5,0,1,1,0,0,1,0,0,0,6,3,3,6,2,2,3,6,5,2,6,1e+07,0,3,5,3,4,3,0,9,0,0,0,0,0,0,0,4,6,5,4,4,0,0,100,1,10,3.24433495245426,1.2856866656713,0.152877681757017,1
6,0,1,1,0,0,1,0,0,0,6,3,3,5,2,2,3,5,6,2,5,1e+06,0,5,6,3,4,3,0,0,6,0,0,0,0,0,0,5,4,5,3,6,0,0,100,1,1,3.00576440738112,1.15787118786482,0.228497125195158,1
7,0,0,0,0,1,0,1,1,0,2,5,3,2,5,2,5,2,2,3,4,10000,100,2,4,4,6,2,0,0,0,0,8,0,0,5,0,5,5,4,5,4,0,0,100,10,1000,-2.0611624222136,0.0783523368998813,0.262826381957271,3
8,0,0,0,0,1,0,1,1,0,2,5,3,3,5,2,6,2,3,3,3,10000,100,4,4,4,5,3,0,0,0,0,3,0,7,0,0,6,6,6,4,4,0,0,100,0,100,-1.83570973575166,0.438337040911128,0.0815509658971577,3
9,0,0,0,1,0,0,0,0,1,3,4,3,1,3,5,3,2,3,6,1,1,10,2,2,6,2,4,0,0,0,0,0,0,0,3,6,4,4,3,6,5,1,1,1,0,1000,-0.580083365087917,-3.96535040951549,-0.869540777550885,4
10,0,1,1,0,0,1,0,0,0,6,4,3,6,2,3,2,5,6,3,6,1e+07,0,3,5,3,4,2,0,8,0,0,0,3,0,0,0,4,4,5,5,5,0,0,100,1,10,3.27259419023611,0.154103538733167,-0.335338976148454,1
11,0,0,0,0,1,0,1,1,0,3,6,2,2,4,2,6,3,3,3,3,100,100,3,3,4,5,3,0,0,0,0,0,0,6,6,0,4,4,5,4,4,0,0,100,100,1000,-1.56792575854469,0.805945199769697,-1.15020597439722,3
12,0,1,1,0,0,1,0,0,0,6,4,2,5,3,2,3,5,5,3,5,1000,0,4,6,3,4,2,0,0,0,0,4,6,0,0,0,4,4,4,5,4,0,0,0,1,1,2.2839300217705,0.992576107357203,-1.297931960717,1
13,0,0,0,0,1,0,1,1,0,2,5,3,2,5,2,6,3,3,2,4,10000,100,3,3,4,5,3,0,0,0,0,0,0,0,4,0,2,5,4,4,4,0,0,100,100,1000,-1.82181708334097,1.03181447973521,0.308063207880453,3
14,0,0,0,0,1,0,1,1,0,2,6,3,2,4,2,6,3,2,3,3,100,100,3,4,4,6,2,0,0,0,0,0,0,0,0,0,3,4,4,4,6,0,0,1,10,100,-2.04339304765434,0.385605747503184,0.138952543841369,3
15,0,0,0,0,1,0,1,1,0,2,4,3,2,5,2,5,3,2,3,3,10000,100,4,4,4,5,3,0,0,0,0,6,0,0,0,0,4,6,4,3,4,0,0,100,10,10000,-1.59352965503391,0.0291359523533255,0.276574925034619,3
16,0,1,1,0,0,1,0,0,0,5,3,3,6,2,3,3,6,6,3,5,1000,0,4,6,3,4,2,0,0,0,0,0,2,0,0,0,5,5,4,4,5,0,0,100,1,1,3.2434800447048,0.139399052078087,-0.326989511954693,1
17,0,0,0,0,1,0,1,1,0,2,4,2,2,5,2,6,3,2,2,4,10000,100,3,4,4,5,3,0,0,0,0,7,0,2,0,0,5,5,5,4,3,0,0,10,100,100,-1.85304690791757,0.957324301074009,-0.735117395351228,3
18,0,1,1,0,0,1,0,0,0,5,2,3,5,2,2,3,6,5,2,6,1e+07,0,4,5,3,4,3,0,9,0,0,0,0,0,0,0,5,5,5,3,5,0,0,100,1,10,2.98502061458531,0.890327071869217,0.357630216682513,1
19,0,0,0,0,1,0,1,1,0,3,6,2,3,5,2,6,3,2,3,3,100,100,3,4,4,5,2,0,0,0,0,2,0,9,0,0,4,4,5,6,4,0,0,100,10,100,-1.81838020207032,0.949233683995716,-1.25161140476202,3
20,0,0,0,0,1,0,1,1,0,3,6,2,3,5,2,6,3,3,2,4,10000,100,2,4,4,5,2,0,0,0,0,8,0,5,0,0,5,5,6,4,5,0,0,100,0,100,-1.57541201633787,1.62918579435476,-1.07046329687362,3
21,0,1,1,0,0,1,0,0,0,4,3,3,6,2,3,3,5,5,3,6,1e+07,0,3,5,2,4,3,0,9,3,0,0,0,0,0,0,4,4,4,5,5,0,0,0,10,10,2.50975307134623,-0.202906638404899,-0.145618724449099,1
22,0,1,1,0,0,1,0,0,0,6,2,2,5,2,2,2,5,6,2,5,1000,0,4,6,3,4,3,0,4,0,0,0,6,0,0,0,6,4,5,5,4,0,0,0,1,1,3.46411075055477,1.03715649165945,-0.79561701959086,1
23,0,0,0,0,1,0,1,1,0,3,5,3,1,4,2,6,2,2,3,3,10000,100,6,4,4,5,1,0,0,0,0,9,3,0,0,0,4,5,3,4,6,0,0,10,10,100,-2.05251049397011,0.0963085457689091,0.280639389890369,3
24,1,0,0,0,0,0,0,0,0,2,3,6,1,2,1,3,3,2,3,2,0,1,3,3,2,2,6,7,0,0,0,2,2,0,0,0,5,5,5,3,4,1,0,100,10,10000,-0.346053397140683,-1.01672523211575,4.61481805022724,2
25,0,0,0,0,1,0,1,1,0,3,6,3,2,6,2,6,3,3,3,4,100,100,4,4,4,5,2,0,0,0,0,0,0,0,0,0,5,5,6,3,4,0,0,100,100,100,-2.04236563811023,0.882835409859182,-0.159976456613135,3
26,0,1,1,0,0,1,0,0,0,5,3,2,5,2,2,3,5,5,3,5,1000,0,2,6,3,3,1,0,0,0,0,0,4,0,0,0,3,3,4,5,5,0,0,0,1,1,2.50211329831469,0.564910622772364,-1.06189898853578,1
27,0,0,0,0,1,0,1,1,0,2,6,3,2,6,2,5,2,3,3,4,10000,100,4,4,4,6,2,0,0,0,0,3,7,0,3,0,5,5,5,3,4,0,0,1,10,10000,-2.28651644371854,0.494305201832023,0.0404607893381221,3
28,1,0,0,0,0,0,0,0,0,3,2,6,1,1,2,3,2,2,3,2,0,1,2,3,3,2,5,2,0,0,0,4,0,0,4,0,5,4,4,4,4,0,10,10,10,1000,0.131007886393055,-1.89625876411242,4.52625745257055,2
29,0,0,0,0,1,0,1,1,0,2,6,3,2,4,3,6,2,2,3,4,10000,100,2,4,3,5,2,0,0,0,0,3,0,0,5,0,4,5,5,3,5,0,0,100,10,100,-2.28006234560105,-0.2963026510104,-0.0565890980244667,3
30,0,1,1,0,0,1,0,0,0,5,2,3,4,2,2,2,5,6,3,6,1000,0,3,6,3,3,3,0,0,5,0,0,0,0,0,0,4,5,6,5,6,0,0,0,1,1,2.99305805152998,0.0363349661595165,0.27116801067792,1
31,0,1,1,0,0,1,0,0,0,5,2,3,5,1,2,3,6,4,2,5,1000,0,6,5,3,4,2,0,7,4,0,0,3,0,0,0,5,4,4,3,6,0,0,0,10,10,2.98809228229363,0.647568550517567,0.500261027128727,1
32,0,0,0,1,0,0,0,0,1,2,3,3,3,1,5,3,1,3,6,1,1,10,4,2,6,2,4,0,0,0,0,0,0,5,0,3,4,4,4,4,5,1,1,1,0,10,0.104070151683798,-4.44215466924629,-0.596732917784863,4
33,0,1,1,0,0,1,0,0,0,5,2,3,4,2,2,3,5,4,3,6,1e+07,0,3,5,2,3,2,0,8,3,0,0,0,0,0,0,4,5,5,3,4,0,0,0,1,10,2.26287897627235,-0.020748072194488,0.302960136656222,1
34,0,1,1,0,0,1,0,0,0,5,3,3,6,2,3,3,6,5,3,5,1000,0,1,6,3,4,3,0,0,4,0,0,9,0,0,0,4,5,3,6,4,0,0,0,1,1,3.00287713719742,0.03609149617991,-0.276130927530728,1
35,0,1,1,0,0,1,0,0,0,6,2,3,5,3,2,3,6,6,3,6,1000,0,2,6,2,4,3,0,2,3,0,0,4,0,0,0,5,6,5,5,5,0,0,0,1,1,3.22735732112005,0.671461214310869,-0.0815332500621053,1
36,0,0,0,0,1,0,1,1,0,3,6,2,3,5,2,6,2,2,2,3,100,100,3,4,4,6,2,0,0,2,0,0,0,6,0,0,5,5,6,4,6,0,0,100,10,100,-2.06136533722831,1.40190027942265,-0.953618473354072,3
37,0,0,0,0,1,0,1,1,0,3,5,3,1,5,2,6,3,2,3,3,100,100,6,4,5,5,3,0,0,0,0,0,0,5,6,4,5,5,5,5,4,0,0,100,100,100,-2.05083465580273,0.359737470256318,0.122880924772534,3
38,1,0,0,0,0,0,0,0,0,3,3,6,2,3,2,3,2,3,3,2,0,1,2,2,3,2,6,6,0,0,0,0,0,0,0,0,4,5,4,6,2,0,10,1,0,0,-0.104197671130134,-1.23370985905608,4.15162784516263,2
39,1,0,0,0,0,0,0,0,0,2,3,6,2,2,1,3,2,2,2,2,0,1,2,2,2,3,6,6,0,0,0,2,3,0,0,0,5,3,5,5,5,1,0,1,0,10000,-0.355215493101228,-0.456913562018089,4.85231919286867,2
40,1,0,0,0,0,0,0,0,0,2,2,5,2,2,3,3,2,2,3,2,0,1,5,2,2,2,5,6,0,0,0,3,0,0,0,0,5,5,4,4,3,0,10,1,0,1000,-0.130845457522818,-2.12060161820129,3.00321755097782,2
41,0,1,1,0,0,1,0,0,0,5,3,2,5,2,2,3,5,4,3,5,1000,0,3,5,2,3,2,0,0,4,0,0,0,0,0,0,5,4,6,5,4,0,0,0,1,10,2.26151039080732,0.461603066874188,-1.01104040411181,1
42,0,1,1,0,0,1,0,0,0,6,4,2,6,2,2,3,6,5,2,6,1000,0,2,6,2,4,3,0,0,0,0,0,0,0,0,0,4,4,5,5,4,0,0,100,1,1,3.00914332779178,1.66089273006926,-1.1006310702445,1
43,0,1,1,0,0,1,0,0,0,5,3,2,5,2,2,3,5,5,3,6,1000,0,2,6,2,4,3,0,2,0,0,0,5,0,0,0,4,5,4,5,4,0,0,0,1,1,2.50211329831469,0.564910622772364,-1.06189898853578,1
44,0,1,1,0,0,1,0,0,0,6,2,3,6,2,2,3,4,6,2,5,1e+06,0,1,6,3,4,2,0,5,9,0,0,0,0,0,0,5,4,6,5,3,0,0,100,1,1,3.21651938699213,0.967843959921117,0.313726357697161,1
45,0,0,0,0,1,0,1,1,0,2,5,3,2,5,2,6,3,3,2,3,10000,100,3,4,4,5,2,0,0,0,0,6,0,0,3,0,5,5,3,3,5,0,0,10,10,100,-1.82181708334097,1.03181447973521,0.308063207880453,3
46,0,0,0,0,1,0,1,1,0,3,6,3,2,6,2,6,3,2,3,3,10,100,5,4,4,5,3,0,0,0,0,0,0,4,5,0,5,2,4,5,3,0,0,10,10,100,-2.28296854561761,0.779527853961005,-0.10911787218917,3
47,0,1,1,0,0,1,0,0,0,5,2,3,5,2,2,3,5,5,2,5,1000,0,4,5,2,3,3,0,5,0,0,0,3,0,0,0,4,5,4,4,4,0,0,0,1,10,2.73967020120224,0.766349112835282,0.4236164557781,1
48,0,0,0,0,1,0,1,1,0,3,6,3,3,6,2,5,2,2,3,4,10000,100,4,4,4,5,3,0,0,0,0,5,0,0,2,0,4,3,3,4,6,0,0,100,10,10000,-2.04552265956034,0.613162896155441,-0.0336983789904739,3
49,0,0,0,0,1,0,1,1,0,2,6,3,3,5,2,6,2,3,3,3,10000,100,1,4,4,5,2,0,0,0,0,0,3,0,0,0,4,5,3,4,4,0,0,100,100,100,-2.05799208954828,0.61153138449162,0.00181618372422276,3
50,0,0,0,0,1,0,1,1,0,2,5,3,3,5,2,6,2,3,2,4,10000,100,5,4,4,5,3,0,0,0,0,5,0,3,5,0,5,5,5,4,4,0,0,100,100,100,-1.83334445752658,1.014981595372,0.31355765820952,3
51,0,0,0,0,1,0,1,1,0,2,6,3,2,4,2,6,3,1,3,4,10000,100,3,4,4,5,2,0,0,0,0,5,0,4,0,0,5,5,5,6,5,0,0,100,10,10000,-2.28399595516172,0.282298191605007,0.189811128265334,3
52,0,0,0,1,0,0,0,0,1,3,2,3,2,2,5,3,2,2,6,1,1,10,5,2,5,3,4,0,0,0,3,0,0,2,0,2,5,4,4,4,6,1,1,1,0,1000,0.101376049411096,-4.4473525433574,-0.627932191525321,4
53,0,0,0,0,1,0,1,1,0,3,6,3,1,5,2,6,3,2,2,4,10,100,2,4,4,6,3,0,0,0,0,0,0,2,6,0,6,4,4,5,5,0,0,100,100,10000,-2.27075173137429,1.10957636829768,0.275152834911961,3
54,0,0,0,0,1,0,1,1,0,2,5,3,2,5,2,6,2,2,2,3,10000,100,2,5,4,5,2,0,0,0,0,6,0,5,0,0,3,3,4,4,5,0,0,100,1,10,-2.30777040423141,0.804528964803102,0.424908031400005,3
55,0,0,0,0,1,0,1,1,0,2,6,3,3,4,3,6,2,4,3,3,10000,100,3,4,4,5,3,0,0,0,0,4,0,4,0,0,5,6,5,4,5,0,0,100,10,100,-1.56503349138885,0.0174575354566746,-0.218798055638917,3
56,0,0,0,0,1,0,1,1,0,4,6,2,2,6,2,6,2,3,3,4,10000,100,3,4,4,5,3,0,0,0,0,5,0,2,0,0,4,4,4,3,6,0,0,10,100,100,-2.05285166989102,1.07588934719358,-1.33229015133217,3
57,0,0,0,0,1,0,1,1,0,2,6,2,2,5,2,6,3,1,3,3,10000,100,3,4,4,6,2,0,0,0,0,2,5,0,0,0,4,5,5,5,6,0,0,100,10,100,-2.54057980124327,0.623760877875944,-1.0757350675855,3
58,0,0,0,0,1,0,1,1,0,2,6,3,2,5,2,6,2,2,3,4,10,100,4,4,4,6,3,0,0,0,0,0,0,0,4,0,5,4,4,4,5,0,0,100,10,100,-2.5324180362531,0.401078753922722,0.113166556914708,3
59,0,0,0,0,1,0,1,1,0,2,5,2,1,6,2,6,2,1,3,4,100,100,1,4,4,5,3,0,0,0,0,0,0,9,7,0,5,3,5,4,6,0,0,100,10,100,-3.04114547524286,0.358894466044269,-0.961294483572702,3
60,0,0,0,0,1,0,1,1,0,2,5,2,3,5,2,5,2,2,2,4,10,100,4,4,4,5,2,0,0,0,0,0,0,0,6,0,5,4,3,3,5,0,0,1,10,100,-1.83788337565694,0.964153686848937,-0.739432684325467,3
61,0,0,0,0,1,0,1,1,0,2,6,2,2,5,2,6,2,3,2,4,10,100,2,4,3,6,3,0,0,0,0,2,0,4,9,0,5,3,6,4,4,0,0,100,10,100,-2.30235912138651,1.28304258509923,-0.879459305025476,3
62,0,1,1,0,0,1,0,0,0,6,2,2,5,2,3,3,6,4,2,5,1000,0,6,6,3,3,3,0,0,0,0,0,2,0,0,0,5,6,5,5,5,0,0,100,1,1,2.98796320411656,0.546120972859728,-1.09133901366957,1
63,0,0,0,0,1,0,1,1,0,3,5,3,2,5,3,6,2,2,2,4,10,100,4,4,4,5,3,0,0,0,0,0,0,0,0,0,6,4,6,3,3,0,0,10,100,100,-2.05131563632692,0.361618700874327,0.0988541864525408,3
64,0,0,0,1,0,0,0,0,1,3,3,2,3,3,6,3,3,1,6,1,1,10,3,2,5,3,4,0,0,0,0,0,0,0,2,0,5,5,4,3,5,1,1,1,0,0,-0.130238489957583,-4.36281047517914,-2.31036049394865,4
65,0,0,0,0,1,0,1,1,0,3,5,2,4,4,2,5,2,1,3,4,10000,100,3,4,4,5,3,0,0,0,0,2,0,0,4,0,4,5,4,5,3,0,0,100,0,10000,-1.35558029450811,0.36691586125801,-0.953826318944177,3
66,0,0,0,0,1,0,1,1,0,2,4,4,3,5,2,6,2,3,3,3,10000,100,4,4,4,5,2,2,0,0,0,6,0,0,2,0,5,5,4,4,5,0,0,100,100,100,-1.60051811108918,0.0631309765131738,1.33505971789867,3
67,0,1,1,0,0,1,0,0,0,6,4,3,5,2,3,3,5,6,3,6,1000,0,4,6,2,4,2,0,0,0,0,0,0,0,0,0,4,6,5,5,5,0,0,0,1,1,2.78979789079579,0.196490537504795,-0.344772230251563,1
68,0,0,0,0,1,0,1,1,0,2,6,3,3,5,2,6,3,2,3,4,100,100,4,4,4,5,3,0,0,0,0,0,0,9,4,2,5,5,4,4,3,0,0,100,0,100,-2.05324458367259,0.632201787627379,-0.0133114709473992,3
69,0,0,0,1,0,0,0,0,1,2,2,3,1,2,5,3,1,2,6,2,1,10,3,3,5,2,4,0,0,0,0,0,0,4,0,4,4,6,5,6,4,0,1,100,10,1000,-0.625571055637547,-4.79349575261293,-0.436928199677172,4
70,0,1,1,0,0,1,0,0,0,6,3,3,5,2,3,3,5,5,2,6,1000,0,2,6,3,4,2,0,0,4,0,0,9,0,0,0,4,5,5,4,5,0,0,100,1,1,2.77384261531011,0.496633192486998,0.0178278286577004,1
71,0,0,0,0,1,0,1,1,0,2,5,3,3,6,2,5,3,2,2,4,10000,100,3,4,4,5,2,0,0,0,0,0,0,0,2,0,5,5,4,4,5,0,0,100,100,100,-1.82329826662371,1.02557089051888,0.276582820385278,3
72,0,0,0,0,1,0,1,1,0,4,6,3,4,5,2,5,3,3,3,3,10000,100,3,4,4,5,3,0,0,0,0,8,0,0,0,0,5,4,4,4,4,0,0,100,0,10000,-0.83429807178863,0.923162695855675,-0.183788729240339,3
73,0,0,0,0,1,0,1,1,0,3,6,3,3,5,2,6,2,2,3,4,10000,100,4,4,4,5,2,0,0,0,0,3,0,4,0,0,3,4,5,3,4,0,0,100,10,100,-2.05082134458753,0.623244004144317,-0.0118511958378536,3
74,0,0,0,0,1,0,1,1,0,3,6,2,4,5,3,6,2,2,2,3,10,100,3,4,4,5,2,0,0,0,0,0,0,0,8,0,3,5,5,4,6,0,0,100,10,100,-1.81886118259451,0.951114914613724,-1.27563814308201,3
75,0,1,1,0,0,1,0,0,0,4,2,3,5,2,2,3,5,6,3,6,1e+07,0,2,6,2,4,3,0,8,0,0,0,0,0,0,0,4,4,4,6,3,0,0,100,1,1,2.73013417801642,0.177991938721713,0.205277143027814,1
76,0,0,0,1,0,0,0,0,1,3,4,3,1,1,5,2,3,3,5,1,1,10,3,2,6,2,4,0,0,0,0,0,0,3,0,6,4,4,3,4,5,1,1,1,0,0,0.403954737194493,-3.69316190036998,-0.450050829419984,4
77,0,1,1,0,0,1,0,0,0,6,2,3,5,3,2,3,6,4,3,6,1e+06,0,4,5,3,3,3,0,0,4,0,0,0,0,0,0,4,4,4,5,5,0,0,100,1,10,2.74615150610529,0.464846102514516,0.0201839187858251,1
78,0,0,0,0,1,0,1,1,0,3,6,3,2,5,3,6,3,1,2,4,10000,100,3,4,4,5,3,0,0,0,0,4,0,3,2,0,4,4,5,5,6,0,0,1,10,100,-2.26885048424786,0.555483447590578,0.00399174960798387,3
79,0,0,0,0,1,0,1,1,0,2,4,3,3,5,2,6,2,2,3,3,10,100,3,4,4,6,2,0,0,0,0,0,0,5,0,0,4,5,4,4,5,0,0,100,10,100,-1.85403028946241,0.16183514143246,0.212144332494058,3
80,0,1,1,0,0,1,0,0,0,5,3,3,6,2,2,2,6,5,3,6,1000,0,3,6,3,4,2,0,0,0,0,3,7,0,0,0,4,5,4,6,4,0,0,0,1,1,3.24316928200394,0.444489862217209,0.0553219963003236,1
81,0,0,0,1,0,0,0,0,1,3,2,3,3,3,5,3,2,2,5,2,1,10,5,3,6,2,4,0,0,0,0,0,0,7,2,4,5,4,5,5,6,1,1,100,0,1000,0.0938897916179208,-3.62411194877233,-0.548189514001726,4
82,0,0,0,0,1,0,1,1,0,3,5,3,2,5,2,6,3,3,3,3,10000,100,2,4,4,5,2,0,0,0,0,6,0,2,0,0,4,4,5,5,4,0,0,100,100,1000,-1.57640870909791,0.570190100825216,0.0115305515820487,3
83,0,0,0,0,1,0,1,1,0,3,6,3,3,6,2,6,2,3,3,3,10000,100,4,4,4,5,3,0,0,0,0,3,0,0,0,0,4,5,4,4,6,0,0,100,100,100,-2.05389301229585,0.866002525495967,-0.154482006284067,3
84,0,1,1,0,0,1,0,0,0,6,3,3,5,2,1,3,5,5,3,6,1000,0,5,5,2,4,2,0,0,0,0,0,5,0,0,0,6,3,5,6,4,0,0,100,1,10,2.75411510621232,1.03584951698542,0.308876898268184,1
85,0,0,0,0,1,0,1,1,0,3,5,2,3,5,2,6,3,2,2,3,100,100,3,3,4,5,3,0,0,2,0,0,0,8,5,0,5,4,5,3,4,0,0,10,100,1000,-1.59373257004862,1.3526838948761,-0.939869930276724,3
86,0,0,0,0,1,0,1,1,0,3,5,3,3,5,3,6,2,1,3,4,100,100,4,4,4,5,3,0,0,0,0,0,0,5,0,2,5,4,5,5,4,0,0,100,10,100,-2.06046078286192,-0.211188334814,-0.142785710202376,3
87,0,0,0,0,1,0,1,1,0,3,6,3,2,6,3,6,3,4,3,4,10000,100,3,4,4,5,2,0,0,0,0,4,0,0,0,0,5,5,5,4,5,0,0,100,10,100,-1.79308161516649,0.42821252627771,-0.472362921998523,3
88,0,0,0,1,0,0,0,0,1,2,3,3,2,2,4,3,2,2,5,1,1,10,2,2,6,3,4,0,0,0,0,0,0,4,6,4,6,3,5,5,4,1,1,1,0,10,-0.37499579406494,-3.25460338138726,-0.149606436438428,4
89,0,1,1,0,0,1,0,0,0,5,2,3,5,3,2,2,6,5,2,6,1e+07,0,3,5,2,3,2,0,2,2,0,0,0,0,0,0,4,5,4,5,4,0,0,0,1,10,2.99031929961249,0.880245963880342,0.335783033529892,1
90,0,1,1,0,0,1,0,0,0,6,4,3,6,2,3,3,5,6,2,6,1e+07,0,4,6,3,4,3,0,3,4,0,0,0,0,0,0,5,4,5,5,5,0,0,0,1,1,3.02598620821831,0.880280166636388,-0.17325732670572,1
91,0,1,1,0,0,1,0,0,0,5,3,2,5,3,2,2,5,5,2,6,1000,0,5,6,2,3,2,0,0,5,0,0,0,0,0,0,4,5,4,5,5,0,0,0,1,1,2.50977726156695,1.13147406924436,-0.851739479376036,1
92,0,1,1,0,0,1,0,0,0,5,2,3,5,3,2,3,6,6,3,6,1e+06,0,4,6,2,3,2,0,0,5,0,0,0,6,0,0,5,5,3,4,4,0,0,0,1,1,2.97958366865192,0.556441038759996,-0.0170072860760638,1
93,0,0,0,0,1,0,1,1,0,3,6,3,1,6,2,6,2,2,2,4,10000,100,2,4,4,5,2,0,0,0,0,4,0,0,3,0,4,4,5,3,5,0,0,100,10,100,-2.75977671997305,1.12504937471722,0.2493668479853,3
94,0,1,1,0,0,1,0,0,0,6,3,3,5,2,2,3,6,6,2,6,1000,0,3,6,3,4,3,0,0,4,0,0,4,0,0,0,5,4,4,4,6,0,0,0,1,1,3.25111482076419,1.28184914689876,0.162510886099571,1
95,0,1,1,0,0,1,0,0,0,5,3,3,6,2,2,3,4,6,3,5,1e+06,0,2,5,2,4,3,0,0,9,0,0,3,0,0,0,4,5,5,4,5,0,0,0,1,10,2.74409810250231,0.449373573489864,0.0665108471979045,1
96,0,0,0,0,1,0,1,1,0,2,6,3,2,5,2,6,2,2,2,3,100,100,5,4,4,5,2,0,0,0,0,0,0,0,0,0,5,6,4,3,5,0,0,10,10,100,-2.53005275802803,0.977723308383593,0.34517324922707,3
97,0,0,0,0,1,0,1,1,0,3,6,3,3,5,3,6,2,1,2,4,10000,100,3,3,4,6,2,0,0,0,0,5,3,0,0,0,5,5,5,5,4,0,0,100,0,1000,-2.28037785843348,0.538650563227363,0.00948619993705135,3
98,0,0,0,0,1,0,1,1,0,2,3,3,2,6,2,6,3,1,2,3,10000,100,4,4,4,6,3,0,0,0,0,4,0,3,6,0,5,4,5,5,4,0,0,100,10,100,-2.10213276597817,0.618261646231351,0.477477715052005,3
99,0,0,0,0,1,0,1,1,0,3,5,2,3,5,2,5,1,2,3,4,10000,100,4,5,4,6,3,0,0,0,0,4,0,0,0,0,4,5,5,3,5,0,0,0,1,10,-1.83782541479695,0.378551348905003,-0.969979101528284,3
100,1,0,0,0,0,0,0,0,0,3,4,6,3,2,2,2,1,2,3,2,0,1,2,3,3,2,6,6,0,0,0,0,3,0,0,0,5,5,4,4,5,0,10,100,10,1000,-0.0859624711611772,-1.46963899463281,4.28994336663461,2
101,0,0,0,1,0,0,0,0,1,3,2,3,2,4,6,3,3,3,5,2,1,10,5,2,5,3,4,0,0,0,0,0,0,0,6,9,5,5,3,4,3,0,1,1,0,10000,0.111026613531578,-3.92245098253712,-0.957842655738431,4
102,0,0,0,0,1,0,1,1,0,3,6,3,2,5,2,6,3,2,3,4,10000,100,3,4,4,5,3,0,0,0,0,8,0,0,2,0,4,4,4,4,5,0,0,100,100,100,-2.03929397040191,0.640076888507531,-0.017345646166921,3
103,0,0,0,0,1,0,1,1,0,2,5,2,3,6,2,6,3,3,2,4,10000,100,4,4,4,6,3,0,0,0,0,7,0,0,4,0,5,4,4,4,5,0,0,10,100,100,-1.84457789022507,1.48042224067687,-1.0179747767369,3
104,0,0,0,1,0,0,0,0,1,3,1,3,2,2,5,2,2,2,6,1,1,10,4,2,6,3,4,0,0,0,0,0,0,7,0,4,5,3,4,4,4,1,1,1,0,10,0.572631663450598,-4.77007896038024,-0.478272366482758,4
105,0,0,0,0,1,0,1,1,0,3,5,3,1,5,2,6,2,2,3,3,10,100,2,4,4,5,2,0,0,0,0,6,0,0,7,0,4,4,4,5,5,0,0,100,10,10000,-2.2961850691858,0.235759511222383,0.188867163868121,3
106,0,0,0,0,1,0,1,1,0,3,5,3,1,5,2,5,3,1,3,4,10000,100,4,4,4,6,3,0,0,0,0,9,0,9,7,0,6,4,4,6,6,0,0,100,10,100,-2.04246430306723,0.106897840915793,0.243664552066127,3
107,0,0,0,0,1,0,1,1,0,2,6,3,2,5,2,6,3,2,2,4,10000,100,3,4,4,5,2,0,0,0,0,6,3,0,0,0,4,4,5,4,5,0,0,100,10,100,-2.28470234464497,1.10170126741753,0.279187010131483,3
108,0,0,0,0,1,0,1,1,0,3,6,3,2,5,2,6,2,2,2,4,100,100,4,4,4,5,3,0,0,0,0,2,0,0,3,0,4,6,4,5,4,0,0,10,10,100,-2.2822791055599,1.09274348393447,0.280647285241029,3
109,0,1,1,0,0,1,0,0,0,6,4,3,6,2,2,3,5,5,3,6,1e+07,0,4,6,3,4,3,0,6,0,0,0,0,3,0,0,3,5,5,4,5,0,0,0,1,1,2.7743369070495,0.758258495756988,-0.092877553632694,1
110,0,0,0,0,1,0,1,1,0,2,6,2,2,5,2,6,1,2,3,3,10000,100,4,4,4,4,3,0,0,0,0,9,0,0,0,0,4,5,6,4,5,0,0,100,100,100,-2.79067772050203,0.479112515706249,-0.994621173818286,3
111,0,1,1,0,0,1,0,0,0,6,2,3,6,2,2,2,6,5,3,5,1e+06,0,4,5,2,4,3,0,4,5,0,0,4,0,0,0,4,3,5,4,4,0,0,0,1,10,3.71322528826869,0.386315694187591,0.070530814487217,1
112,0,0,0,0,1,0,1,1,0,3,6,3,1,5,2,6,2,2,2,4,10000,100,4,4,4,5,3,7,0,0,0,0,0,0,0,0,4,5,4,4,5,0,0,100,0,1000,-2.51610214475735,0.985598409263746,0.341139074007549,3
113,0,0,0,0,1,0,1,1,0,3,6,2,2,5,2,5,2,3,3,4,100,100,1,4,4,5,3,0,0,0,0,0,0,5,0,0,5,4,3,4,4,0,0,100,100,100,-1.80797748690058,0.671886132746886,-1.10606691845425,3
114,0,0,0,0,1,0,1,1,0,2,5,3,2,5,3,6,2,2,3,3,100,100,3,4,4,5,2,0,0,0,0,6,0,5,0,0,4,5,5,4,4,0,0,10,0,100,-2.30145456702012,-0.330046029137418,-0.0686265418737804,3
115,0,1,1,0,0,1,0,0,0,5,2,3,6,2,1,3,5,6,3,6,1000,0,4,5,3,4,3,0,0,5,0,0,4,0,0,0,4,4,4,4,5,0,0,100,1,10,3.20304975424564,0.958087628422957,0.341787271236675,1
116,0,0,0,0,1,0,1,1,0,3,5,2,1,5,2,6,2,2,2,4,10000,100,5,4,4,6,2,0,0,0,0,9,3,0,3,0,3,4,4,2,5,0,0,100,10,100,-2.30672906182658,1.01441578650072,-0.752900113648097,3
117,0,0,0,0,1,0,1,1,0,2,5,3,2,6,2,6,3,3,3,3,10000,100,4,4,4,5,3,0,0,0,0,3,0,0,0,0,4,5,4,5,6,0,0,100,100,100,-2.06785693678173,0.594620890727816,-0.0157157104541584,3
118,0,0,0,0,1,0,1,1,0,3,5,3,1,5,2,6,2,3,3,4,10000,100,6,4,4,5,3,0,0,0,0,3,0,0,0,0,4,6,4,4,5,0,0,100,10,100,-2.05558216167842,0.339067067120559,0.138008579444156,3
119,0,0,0,0,1,0,1,1,0,2,6,3,2,5,2,6,2,3,2,3,10,100,3,4,4,6,3,0,0,0,0,7,0,4,4,0,6,6,5,4,4,0,0,100,100,100,-2.28944985052066,1.08103086428177,0.294314664803105,3
120,0,0,0,0,1,0,1,1,0,2,6,2,3,5,2,5,3,2,3,4,10000,100,4,4,4,5,3,0,0,0,0,5,0,0,0,0,4,5,3,4,2,0,0,100,10,1000,-1.81718059429557,0.684681435002493,-1.11716039790635,3
121,0,0,0,0,1,0,1,1,0,1,6,2,1,5,2,6,2,2,3,4,100,100,1,3,4,5,3,0,0,0,0,3,0,0,2,0,4,4,5,5,6,0,0,100,10,1000,-3.02692399878454,0.38092522451859,-0.935589660161312,3
122,0,0,0,1,0,0,0,0,1,2,1,3,2,3,6,3,3,3,6,2,1,10,5,2,6,3,5,0,0,0,0,0,0,0,0,3,4,5,3,4,6,0,1,1,0,1000,0.326844611850696,-4.92676102158283,-0.953816375869568,4
123,0,0,0,0,1,0,1,1,0,3,5,3,2,5,3,6,3,2,2,4,10000,100,4,4,4,5,2,0,0,0,0,7,0,0,3,0,5,5,4,4,4,0,0,10,10,100,-1.80596522294386,0.485596659908263,0.0328679473569536,3
124,0,1,1,0,0,1,0,0,0,5,2,2,5,2,2,3,6,6,2,6,1e+07,0,2,6,2,4,3,0,5,5,0,0,0,0,0,0,4,3,3,5,4,0,0,100,1,1,3.21271425122683,1.19564634858486,-0.867002337570033,1
125,0,1,1,0,0,1,0,0,0,6,4,3,5,2,2,2,5,5,3,6,1e+07,0,5,6,2,3,2,0,5,2,0,0,2,0,0,0,4,4,4,5,3,0,0,0,1,1,2.78948712809493,0.501581347643918,0.037539278003454,1
126,0,1,1,0,0,1,0,0,0,5,3,3,5,2,2,3,4,5,2,5,1000,0,5,5,2,5,3,0,0,0,0,0,8,0,0,0,4,6,4,4,2,0,0,0,1,10,2.27203743402255,0.815565497381837,0.409867912700752,1
127,1,0,0,0,0,0,0,0,0,1,2,6,4,2,2,3,3,3,2,1,0,1,1,2,2,2,5,5,0,0,0,0,2,0,0,0,3,5,5,4,3,1,10,1,0,100,0.581573722948963,-0.861482856355547,4.49722365701363,2
128,0,0,0,0,1,0,1,1,0,2,5,3,2,5,2,6,3,2,3,4,10,100,4,4,4,5,3,0,0,0,0,0,0,2,0,0,4,4,5,5,5,0,0,100,10,100,-2.06478526907342,0.351862369376166,0.126915099992055,3
129,0,0,0,0,1,0,1,1,0,2,5,3,2,6,2,6,2,3,3,3,10,100,2,4,4,5,3,0,0,0,0,0,0,0,7,0,5,4,5,5,5,0,0,10,10,1000,-2.3132073501648,0.470642931693881,0.0502705286414288,3
130,0,0,0,0,1,0,1,1,0,2,5,3,2,5,2,6,2,3,3,4,10000,100,4,4,4,6,2,0,0,0,0,2,0,3,0,0,5,4,5,3,4,0,0,100,10,100,-2.06953277494911,0.331191966240407,0.142042754663677,3
131,0,0,0,1,0,0,0,0,1,2,3,3,2,2,5,3,3,2,6,1,1e+05,10,2,3,6,2,4,0,6,0,5,0,0,0,0,0,5,4,4,5,5,1,1,100,10,1000,-0.123329543470589,-4.26520041629384,-0.709127248807801,4
132,0,0,0,0,1,0,1,1,0,2,4,3,2,5,2,6,1,1,2,3,10000,100,2,4,4,5,3,0,0,0,0,0,0,4,2,0,4,4,5,3,3,0,0,100,10,100,-2.57144137132523,0.404049106290498,0.621487637092493,3
133,0,0,0,1,0,0,0,0,1,2,1,3,3,3,5,3,3,2,5,2,1e+05,10,1,3,6,2,5,0,0,0,5,0,0,0,0,2,4,4,3,4,5,1,1,1,10,10000,0.313748906329482,-3.78834850886976,-0.469915006938337,4
134,0,1,1,0,0,1,0,0,0,6,3,3,6,1,2,3,6,4,2,6,1000,0,4,5,2,3,3,4,0,0,0,0,9,0,0,0,4,4,5,4,4,0,0,0,10,100,3.24740662016258,1.04292814431965,0.29550849220323,1
135,0,0,0,0,1,0,1,1,0,1,6,3,2,5,2,6,2,3,2,4,10000,100,2,4,4,6,4,0,0,0,0,2,0,0,0,0,4,5,4,5,4,0,0,100,100,100,-2.53722350298878,0.966010688730897,0.358840628789147,3
136,0,1,1,0,0,1,0,0,0,5,3,2,5,2,2,3,5,4,3,6,1000,0,6,5,3,4,2,0,0,3,0,0,0,0,0,0,4,5,3,3,5,0,0,100,1,10,2.26151039080732,0.461603066874188,-1.01104040411181,1
137,0,1,1,0,0,1,0,0,0,5,3,3,5,3,3,3,6,4,3,5,1000,0,2,5,2,3,3,0,3,0,0,0,6,0,0,0,6,5,4,5,5,0,0,0,1,10,2.2847766152769,-0.0349101689355145,-0.256552780362491,1
138,0,0,0,1,0,0,0,0,1,2,2,3,3,2,5,3,2,2,6,1,1e+05,10,4,2,5,2,4,0,0,0,0,0,0,0,0,3,3,4,4,5,4,1,1,1,0,0,0.0874254361404156,-4.45522764423755,-0.623898016305799,4
139,0,0,0,0,1,0,1,1,0,2,5,3,2,6,2,6,2,1,3,4,10000,100,3,5,4,5,2,0,0,0,0,0,0,5,3,0,4,4,4,4,5,0,0,0,1,10,-2.79441316517955,0.264027819897527,0.151987697489359,3
140,0,1,1,0,0,1,0,0,0,6,2,3,5,3,2,3,5,5,2,5,1e+06,0,4,5,2,4,3,0,0,4,0,0,0,0,0,0,5,5,4,5,5,0,0,0,1,10,2.74376927845468,1.02082025383963,0.26731826576981,1
141,0,1,1,0,0,1,0,0,0,6,2,3,6,2,3,3,5,6,3,6,1000,0,4,5,2,4,3,0,0,3,0,0,4,0,0,0,4,5,5,4,4,0,0,0,1,10,3.46818563758648,-0.0427530749854671,-0.245794454672212,1
142,0,0,0,0,1,0,1,1,0,3,6,2,1,5,3,5,3,3,3,4,10000,100,3,4,4,5,3,0,0,0,0,0,0,0,5,0,4,4,5,5,4,0,0,100,10,100,-1.7877689972786,0.130788577630452,-1.37308924974474,3
143,0,1,1,0,0,1,0,0,0,5,3,3,5,2,2,3,4,6,2,6,1000,0,4,5,3,4,2,0,0,0,0,5,0,0,0,0,4,4,5,4,6,0,0,0,1,10,2.51264034152993,0.918873053280014,0.359009328276787,1
144,0,1,1,0,0,1,0,0,0,5,4,3,6,2,3,3,5,6,3,6,1000,0,5,5,2,4,2,0,0,0,0,0,6,0,0,0,5,5,6,5,4,0,0,0,1,10,2.77584727752511,0.188615436624643,-0.340738055032041,1
145,0,1,1,0,0,1,0,0,0,6,3,3,5,2,2,3,6,5,2,5,1000,0,3,6,3,4,3,0,0,0,0,0,9,4,0,0,6,4,5,5,4,0,0,0,1,1,3.01051191325681,1.17854159100058,0.213369470523536,1
146,0,1,1,0,0,1,0,0,0,6,3,2,5,2,2,3,6,5,3,6,1e+07,0,3,5,2,4,2,0,5,0,0,0,0,3,0,0,6,6,5,4,5,0,0,100,1,10,2.99523736416589,0.803908757357174,-1.19241119161741,1
147,0,1,1,0,0,1,0,0,0,6,3,3,5,2,2,3,6,5,2,6,1000,0,6,5,3,4,3,0,0,0,0,7,4,0,0,0,5,3,4,5,6,0,0,0,1,10,3.01051191325681,1.17854159100058,0.213369470523536,1
148,0,0,0,0,1,0,1,1,0,2,5,3,2,5,2,6,3,2,3,4,10000,100,3,3,4,5,3,0,0,0,0,9,0,0,0,0,5,4,3,4,4,0,0,10,10,10000,-2.06478526907342,0.351862369376166,0.126915099992055,3
149,0,0,0,0,1,0,1,1,0,3,5,3,2,5,2,6,3,2,2,3,100,100,2,4,4,5,3,0,0,0,0,3,0,5,0,0,5,4,4,6,4,0,0,100,100,100,-1.81464633838021,1.04352709938791,0.294395828318377,3
150,0,0,0,0,1,0,1,1,0,3,6,3,2,5,2,6,2,3,3,3,10000,100,3,4,4,5,3,0,0,0,0,2,0,2,7,0,4,3,4,3,4,0,0,10,10,100,-2.0440414762776,0.619406485371772,-0.00221799149529903,3
151,0,0,0,0,1,0,1,1,0,3,6,3,2,4,2,5,2,3,3,3,10,100,4,4,4,6,2,0,0,0,0,0,0,0,6,0,5,4,4,4,5,0,0,100,10,100,-1.55139364081902,0.33042344647595,0.159479277396578,3
152,0,0,0,1,0,0,0,0,1,2,1,3,1,3,6,3,2,1,5,2,1,10,1,2,5,2,4,0,0,0,0,0,0,0,4,5,4,5,4,5,5,0,1,1,0,100,-0.631169377519499,-4.78785461262297,-0.493614486847168,4
153,1,0,0,0,0,0,0,0,0,3,3,6,2,2,2,3,2,3,2,1,0,1,4,2,2,2,6,4,0,0,0,0,2,0,0,0,6,5,5,5,5,1,10,1,0,10,0.141842182310634,-0.796516270048687,4.47540676349724,2
154,0,0,0,0,1,0,1,1,0,3,6,3,2,5,2,6,2,3,3,4,10000,100,2,4,4,5,3,0,0,0,0,9,0,0,0,0,3,5,3,5,3,0,0,100,100,100,-2.0440414762776,0.619406485371772,-0.00221799149529903,3
155,0,0,0,1,0,0,0,0,1,3,2,2,4,2,5,3,3,2,6,1,1e+05,10,3,3,6,2,4,0,0,0,9,0,0,0,0,3,6,5,4,5,5,1,1,100,100,1000,0.801463270323203,-3.90707271416456,-1.98867597798253,4
156,0,0,0,1,0,0,0,0,1,2,4,3,2,2,6,3,2,4,6,2,1e+05,10,4,2,5,2,3,0,0,0,9,0,0,0,0,0,5,5,5,4,5,0,1,1,0,10000,-0.101075380199168,-4.56729935943058,-1.0861208416945,4
157,0,1,1,0,0,1,0,0,0,5,3,3,6,1,2,3,4,5,2,5,1e+06,0,3,5,2,4,3,0,3,4,0,0,0,0,0,0,5,4,4,4,4,0,0,100,10,10,2.7495350484357,0.783259606599085,0.441148349956481,1
158,0,0,0,0,1,0,1,1,0,3,6,3,2,5,2,6,2,1,2,4,100,100,3,4,4,5,2,0,0,0,0,0,0,4,0,0,4,6,2,6,5,0,0,100,10,100,-2.52288201306728,0.98943592803629,0.331505869664994,3
159,0,1,1,0,0,1,0,0,0,5,2,3,5,2,2,3,6,5,3,5,1e+07,0,2,6,2,4,3,0,7,0,0,0,0,5,0,0,6,4,4,4,4,0,0,0,1,1,2.98265533636024,0.313682517408346,0.12562352437015,1
160,0,0,0,0,1,0,1,1,0,3,6,3,3,6,2,6,2,3,3,3,100,100,4,4,4,5,3,0,3,0,0,0,0,4,0,0,4,5,4,4,3,0,0,100,10,100,-2.05389301229585,0.866002525495967,-0.154482006284067,3
161,0,0,0,0,1,0,1,1,0,3,5,3,2,5,3,6,3,2,3,4,10,100,3,4,4,5,2,0,0,0,0,0,0,0,2,0,6,4,4,5,3,0,0,100,10,100,-1.80833050116893,-0.0910478945526089,-0.199138744955409,3
162,0,0,0,0,1,0,1,1,0,2,5,2,3,5,1,6,1,3,2,4,10000,100,5,4,4,6,3,0,0,0,0,6,0,0,0,0,6,4,3,6,5,0,0,100,10,100,-2.10028525721186,1.65094579663518,-0.53270219156205,3
163,0,0,0,0,1,0,1,1,0,2,5,3,2,6,2,6,2,2,2,4,100,100,3,4,4,5,3,0,0,0,0,0,0,8,0,3,6,3,5,5,4,0,0,100,100,100,-2.5514449794471,0.943979930256575,0.333135805377757,3
164,0,1,1,0,0,1,0,0,0,4,3,3,5,2,2,2,6,4,3,6,1e+07,0,3,6,2,4,3,0,2,4,0,0,0,0,0,0,3,5,4,6,5,0,0,0,1,1,2.52096968283099,0.119017056097438,0.23119833347685,1
165,0,1,1,0,0,1,0,0,0,6,4,3,5,3,2,3,5,6,3,6,1000,0,5,5,2,4,3,0,4,0,0,0,5,0,0,0,5,5,4,6,4,0,0,100,1,10,2.53744220014373,0.893871942437917,-0.175016575312388,1
166,0,1,1,0,0,1,0,0,0,5,3,2,5,3,2,2,5,5,3,6,1e+07,0,3,6,2,4,2,0,9,0,0,0,4,0,0,0,6,6,5,5,4,0,0,0,1,1,2.50741198334188,0.554829514783489,-1.0837461716884,1
167,0,0,0,0,1,0,1,1,0,2,5,2,3,5,2,6,3,3,2,4,10000,100,2,4,4,5,3,0,0,0,0,2,0,0,5,0,4,5,4,5,4,0,0,1,100,100,-1.60090331500937,1.3409712752234,-0.926202550714648,3
168,0,0,0,1,0,0,0,0,1,2,2,3,1,2,5,3,1,2,6,2,1,10,4,3,5,2,4,0,0,0,0,0,0,3,0,4,5,4,4,4,5,1,1,10,100,1000,-0.625571055637547,-4.79349575261293,-0.436928199677172,4
169,0,0,0,0,1,0,1,1,0,3,5,3,1,5,2,6,3,1,3,4,10000,100,4,4,4,5,3,0,0,0,0,2,0,0,5,0,6,4,4,3,4,0,0,100,100,1000,-2.29143756331011,0.256429914358142,0.173739509196499,3
170,0,0,0,0,1,0,1,1,0,3,5,3,2,5,2,6,1,2,3,4,10,100,4,4,4,5,3,0,0,0,0,0,0,0,8,0,5,5,4,6,6,0,0,100,100,100,-2.30771244337142,0.218926626859168,0.194361614197188,3
171,0,0,0,1,0,0,0,0,1,1,3,3,2,3,5,3,2,2,5,2,1,10,5,2,6,3,4,0,0,0,0,0,0,0,0,5,5,5,4,5,4,0,1,1,0,0,-0.857762906312406,-3.78810303096431,-0.438380579436059,4
172,0,0,0,0,1,0,1,1,0,2,6,3,3,5,3,6,3,2,3,3,10000,100,6,4,4,6,2,6,0,0,0,8,0,0,0,0,4,5,5,4,4,0,0,100,10,100,-2.04456346823623,0.0742713481477304,-0.274839351908822,3
173,0,0,0,0,1,0,1,1,0,1,5,2,1,6,3,6,2,2,2,4,100,100,4,4,4,5,3,0,0,0,0,0,0,2,6,2,4,2,4,4,4,0,0,100,0,100,-3.03726982654218,0.365895961372795,-0.977148292659686,3
174,1,0,0,0,0,0,0,0,0,3,3,6,3,2,2,3,2,2,2,2,0,1,4,2,3,2,6,4,0,0,0,5,3,0,0,0,4,5,4,5,5,0,10,1,0,0,0.135062314000705,-0.792678751276143,4.46577355915469,2
175,0,1,1,0,0,1,0,0,0,6,2,3,6,2,2,3,5,6,3,6,1e+07,0,4,5,3,3,2,0,5,5,0,0,0,2,0,0,5,4,5,6,4,0,0,0,1,100,3.45950452215012,0.515177364494182,0.0157334262892107,1
176,0,1,1,0,0,1,0,0,0,6,3,3,6,2,2,2,5,5,3,6,1000,0,3,5,3,3,3,0,0,0,0,4,3,0,0,0,5,4,4,4,5,0,0,0,1,10,3.245592521089,0.435532078734147,0.0567822714098693,1
177,0,1,1,0,0,1,0,0,0,6,3,3,5,2,3,3,5,5,2,5,1000,0,2,5,3,3,3,0,0,0,0,0,3,0,0,0,6,5,4,3,4,0,0,0,1,10,2.77384261531011,0.496633192486998,0.0178278286577004,1
178,0,1,1,0,0,1,0,0,0,5,2,3,5,2,2,3,6,6,3,6,1e+07,0,3,5,3,4,3,0,0,3,0,0,0,0,0,0,5,4,3,5,3,0,0,0,1,10,3.22325824386761,0.416990073306522,0.0747649399461848,1
179,0,1,1,0,0,1,0,0,0,6,3,3,5,3,2,3,5,6,3,5,1000,0,3,6,2,4,2,0,0,0,0,3,3,0,0,0,5,5,4,4,3,0,0,100,1,1,2.75972455394036,0.720677598857425,-0.0952817931394531,1
180,0,0,0,0,1,0,1,1,0,2,6,2,3,5,1,6,2,3,3,3,10,100,3,3,5,5,2,0,0,0,0,0,0,2,4,5,4,5,5,5,4,0,0,100,100,1000,-2.07958247585049,1.37147354478873,-0.910429905142935,3
181,0,1,1,0,0,1,0,0,0,6,3,3,5,3,2,3,6,5,3,6,1e+07,0,4,5,3,4,3,0,6,0,0,0,0,3,0,0,6,4,4,6,5,0,0,0,1,10,2.76447205981605,0.741348001993184,-0.110409447811075,1
182,0,1,1,0,0,1,0,0,0,5,3,2,5,2,3,3,5,5,3,6,1e+07,0,1,5,3,3,3,0,4,5,0,0,0,0,0,0,6,4,6,6,6,0,0,0,1,10,2.51079441375105,0.00698018329271581,-1.3234268694972,1
183,0,0,0,1,0,0,0,0,1,2,3,3,2,2,6,3,3,3,5,1,1e+05,10,4,2,6,2,4,0,0,0,5,0,0,2,0,2,4,4,4,5,5,1,1,1,0,100,0.128319757698218,-4.14317874541445,-0.789507021880827,4
184,0,0,0,0,1,0,1,1,0,2,6,3,1,5,3,6,3,3,2,4,10000,100,5,4,4,5,4,0,0,0,0,9,4,0,3,0,4,4,5,5,4,0,0,100,10,100,-2.26924136089868,0.539933309165336,0.0272923335126147,3
185,0,1,1,0,0,1,0,0,0,6,3,3,5,2,2,2,6,5,2,6,1e+06,0,5,5,2,4,2,0,0,9,0,0,3,0,0,0,5,5,5,3,4,0,0,0,1,10,3.25948517349969,1.02900951755823,0.283294513393165,1
186,0,0,0,0,1,0,1,1,0,3,6,3,3,5,2,6,1,3,3,4,10000,100,3,4,4,5,2,0,0,0,0,4,0,0,5,0,5,6,5,5,5,0,0,10,0,100,-2.05556885046322,0.602573601008558,0.0032764588337684,3
187,0,1,1,0,0,1,0,0,0,5,3,3,6,2,2,3,6,5,2,5,1000,0,3,6,3,4,3,0,0,0,0,0,3,0,0,0,3,5,5,6,5,0,0,0,1,1,2.99656129998613,1.17066649012043,0.217403645743058,1
188,0,0,0,0,1,0,1,1,0,3,6,3,4,6,2,5,2,1,3,4,100,100,4,3,4,5,3,0,0,0,0,0,0,9,6,0,4,5,4,6,5,0,0,100,10,10000,-2.05230252787027,0.617000414927986,-0.0433315833330285,3
189,0,0,0,0,1,0,1,1,0,2,6,3,2,5,2,6,3,2,3,4,100,100,3,4,5,5,3,0,0,0,0,0,0,0,0,0,6,4,4,5,6,0,0,10,100,10000,-2.28706762287004,0.525056712956658,0.0471803178191205,3
190,0,0,0,0,1,0,1,1,0,2,6,3,2,5,2,6,2,1,3,4,10,100,5,4,3,6,3,0,0,0,0,5,0,7,2,0,4,4,5,5,6,0,0,100,100,100,-2.77302094376048,0.297771198024545,0.164025141338673,3
191,0,0,0,0,1,0,1,1,0,3,5,3,1,5,2,6,3,2,3,4,10000,100,2,4,4,5,3,0,0,0,0,5,6,0,3,0,5,6,6,5,4,0,0,10,10,100,-2.05083465580273,0.359737470256318,0.122880924772534,3
192,0,0,0,0,1,0,1,1,0,2,6,3,2,5,3,6,3,2,3,4,100,100,4,4,4,5,3,0,0,0,0,0,0,7,0,0,5,5,4,5,5,0,0,100,10,10000,-2.27838650743368,-0.0328737265229908,-0.214347563142303,3
193,0,0,0,0,1,0,1,1,0,3,5,2,1,5,2,6,2,2,3,4,10000,100,3,4,4,5,3,0,0,0,0,0,3,0,0,0,4,4,4,5,4,0,0,100,10,100,-2.30909434005166,0.437771232039845,-0.98490680596046,3
194,0,1,1,0,0,1,0,0,0,5,1,3,6,1,3,3,6,5,3,6,1e+06,0,4,6,3,4,2,0,5,6,0,0,0,0,0,0,4,4,5,3,3,0,0,0,10,1,3.69111642000636,-0.449748156434547,-0.0248891371626092,1
195,0,0,0,0,1,0,1,1,0,2,5,3,2,5,2,6,3,3,3,4,100,100,3,4,4,6,3,0,0,0,0,0,0,6,6,0,5,5,4,5,4,0,0,100,10,100,-1.82418236156604,0.455169925274343,0.0760565155680902,3
196,0,1,1,0,0,1,0,0,0,5,3,3,5,1,2,3,5,4,2,6,1e+07,0,4,6,3,4,3,0,7,4,0,0,0,0,0,0,4,3,3,5,4,0,0,0,1,1,2.52045951511394,0.696784935064123,0.486512484051379,1
197,0,1,1,0,0,1,0,0,0,5,3,3,5,2,2,3,6,6,2,6,1000,0,4,6,3,4,2,0,0,0,0,3,2,0,0,0,6,5,3,5,4,0,0,0,1,1,3.00334116829606,1.16682897134789,0.227036850085613,1
198,0,0,0,0,1,0,1,1,0,2,5,3,1,5,2,6,3,1,3,4,100,100,2,4,4,5,2,0,0,0,0,4,0,3,2,0,6,5,4,4,4,0,0,100,10,10000,-2.53921121577824,0.141409738807268,0.23826547318254,3
199,0,0,0,0,1,0,1,1,0,3,6,3,2,5,3,6,2,2,2,4,10,100,3,4,4,5,2,0,0,0,0,0,0,0,9,0,5,5,5,4,5,0,0,100,100,100,-2.27359799012355,0.534813044454818,0.0191194042796059,3
200,0,1,1,0,0,1,0,0,0,5,4,3,5,2,2,3,6,6,2,5,1e+06,0,3,6,2,4,2,0,0,5,0,0,3,0,0,0,5,4,2,5,6,0,0,0,10,1,2.78105881449944,1.34002331492838,0.147302067912678,1
201,0,1,1,0,0,1,0,0,0,5,3,2,5,2,3,2,6,6,3,5,1e+07,0,5,5,3,4,2,0,6,2,0,0,0,0,0,0,5,4,4,3,4,0,0,100,10,10,3.24572099488437,0.0847336247824794,-1.37034665014713,1
202,0,0,0,0,1,0,1,1,0,3,5,3,2,5,3,5,3,2,3,4,10000,100,3,4,4,5,2,0,0,0,0,0,0,0,4,0,4,3,4,6,4,0,0,100,10,10000,-1.55935724092605,-0.240579967994958,-0.129213702085781,3
203,0,0,0,0,1,0,1,1,0,3,5,3,3,5,2,6,3,2,3,3,10000,100,4,4,4,5,2,0,0,0,0,6,0,3,0,0,4,6,4,6,5,0,0,100,100,100,-1.58318857740784,0.574027619597761,0.0018973472394942,3
204,0,0,0,0,1,0,1,1,0,2,6,3,2,6,2,6,2,2,2,4,100,100,2,4,4,5,2,0,0,0,0,0,0,6,4,0,4,4,4,3,5,0,0,10,100,100,-2.77372733324373,1.11717427383707,0.253401023204822,3
205,0,0,0,0,1,0,1,1,0,2,6,3,2,4,2,6,3,2,3,3,10000,100,3,3,4,6,2,0,0,0,0,8,9,0,4,0,5,6,4,5,3,0,0,100,10,1000,-2.04339304765434,0.385605747503184,0.138952543841369,3
206,0,0,0,1,0,0,0,0,1,3,2,3,4,2,5,3,3,2,6,2,1,10,2,2,5,2,4,0,0,0,0,0,0,0,3,0,4,5,4,5,5,0,1,1,0,10,0.814372541189058,-4.10908443498202,-0.814902008153948,4
207,0,0,0,0,1,0,1,1,0,2,6,3,2,5,2,6,3,2,2,4,10000,100,2,3,4,5,2,0,0,0,0,5,0,0,4,0,5,4,4,3,4,0,0,100,10,1000,-2.28470234464497,1.10170126741753,0.279187010131483,3
208,0,1,1,0,0,1,0,0,0,6,4,3,6,2,2,3,5,5,3,6,1000,0,2,5,3,4,3,0,0,0,0,0,4,0,0,0,5,5,5,3,6,0,0,100,1,10,2.7743369070495,0.758258495756988,-0.092877553632694,1
209,0,1,1,0,0,1,0,0,0,5,3,3,5,3,2,3,4,4,3,5,1000,0,3,5,3,4,3,0,0,2,0,0,0,0,0,0,5,3,5,4,5,0,0,0,1,10,1.78539467307441,0.275064352476262,0.136947578790106,1
210,0,0,0,1,0,0,0,0,1,3,3,3,2,2,5,2,3,3,5,1,1,10,4,2,5,2,4,0,0,0,0,0,0,0,0,2,5,5,5,4,5,1,1,1,0,100,0.616385554972868,-3.61976020382627,-0.522580062035817,4
211,1,0,0,0,0,0,0,0,0,2,2,6,2,3,3,3,2,2,3,2,0,1,6,3,2,2,6,0,0,0,0,5,0,0,0,0,4,4,4,4,5,1,10,100,10,1000,-0.361610761872659,-2.18316237356528,4.08521929478415,2
212,0,1,1,0,0,1,0,0,0,6,2,3,4,2,3,3,4,5,3,5,1000,0,3,5,3,4,2,0,2,0,0,0,5,0,0,0,6,4,4,6,6,0,0,0,10,10,2.51458623830114,-0.484328739259022,-0.00796605361962041,1
213,0,0,0,0,1,0,1,1,0,2,6,3,2,5,2,6,2,2,3,3,10,100,3,4,4,5,3,0,0,0,0,0,0,0,4,0,4,5,4,5,5,0,0,100,10,100,-2.5324180362531,0.401078753922722,0.113166556914708,3
214,0,0,0,0,1,0,1,1,0,2,6,3,1,5,2,5,2,1,3,4,10000,100,2,3,4,5,3,0,0,0,0,6,3,0,0,0,6,6,4,5,4,0,0,100,100,10000,-2.75787072271505,0.0410940499114749,0.294441972974821,3
215,0,0,0,0,1,0,1,1,0,2,6,3,2,6,2,6,3,3,3,3,10000,100,4,4,4,5,2,0,0,0,0,8,0,0,0,0,5,3,4,5,4,0,0,100,10,100,-2.29013929057836,0.767815234308308,-0.0954504926270933,3
216,0,0,0,0,1,0,1,1,0,3,6,3,2,5,3,6,2,2,2,4,100,100,3,4,4,5,3,0,0,0,0,0,0,4,5,0,5,3,4,4,5,0,0,100,10,100,-2.27359799012355,0.534813044454818,0.0191194042796059,3
217,0,0,0,0,1,0,1,1,0,3,6,2,2,6,2,6,2,2,2,4,10,100,3,4,4,5,3,0,0,0,0,3,0,2,2,0,4,4,3,4,5,0,0,100,100,100,-2.53886295164145,1.4342061702054,-0.984898910609801,3
218,0,0,0,0,1,0,1,1,0,2,6,3,1,5,2,6,3,2,3,4,100,100,6,4,4,5,2,0,0,0,0,0,0,5,0,0,5,3,5,6,5,0,0,100,100,100,-2.52089066206749,0.417911638285936,0.10767210658564,3
219,0,1,1,0,0,1,0,0,0,6,2,3,5,2,3,3,5,5,2,6,1e+07,0,5,5,3,4,2,0,2,2,0,0,0,3,0,0,5,4,4,4,4,0,0,0,1,10,2.99612496910673,0.323438848906507,0.0975626108306354,1
220,0,1,1,0,0,1,0,0,0,6,2,3,6,2,2,3,5,5,2,6,1e+07,0,4,5,2,4,2,0,6,5,0,0,2,0,0,0,3,4,4,3,3,0,0,100,1,100,3.22126689286782,0.988514363056876,0.298598703025539,1
221,0,1,1,0,0,1,0,0,0,6,2,2,6,2,2,2,5,6,3,6,1000,0,2,5,3,4,3,0,0,0,0,3,5,0,0,0,4,5,5,4,4,0,0,0,1,10,3.69556851152715,0.567657011869295,-1.08811550066974,1
222,0,0,0,0,1,0,1,1,0,3,6,3,1,4,3,6,2,2,3,4,10000,100,2,4,4,5,3,0,0,0,0,9,0,0,0,0,5,6,3,4,5,0,0,100,0,100,-2.26611173233037,-0.288427550130248,-0.0606232732439885,3
223,0,1,1,0,0,1,0,0,0,6,2,2,6,2,2,2,5,6,2,6,1000,0,6,5,2,4,3,0,0,0,0,0,9,0,0,0,3,4,4,5,4,0,0,0,1,10,3.69793378975222,1.14430156633017,-0.856108808357379,1
224,0,1,1,0,0,1,0,0,0,6,2,3,5,2,2,2,5,5,3,5,1e+07,0,4,5,2,4,3,0,3,6,0,0,0,0,0,0,4,5,4,4,4,0,0,100,1,10,3.23405183568818,0.155192660482934,0.197008842349324,1
225,0,1,1,0,0,1,0,0,0,5,2,3,5,2,3,3,6,5,3,6,1000,0,2,5,3,4,2,0,0,7,0,0,5,0,0,0,4,5,4,5,4,0,0,0,1,10,2.99133645179659,-0.244247922071303,-0.135904356591273,1
226,0,1,1,0,0,1,0,0,0,6,3,3,5,2,2,3,5,5,3,5,1e+07,0,3,5,3,4,3,0,3,3,0,0,0,0,0,0,4,5,5,5,4,0,0,0,1,10,2.76279622164868,0.477919077505775,0.0473490173067607,1
227,0,0,0,0,1,0,1,1,0,3,5,3,2,5,2,6,2,2,2,3,10,100,3,3,3,5,3,0,0,0,0,0,0,9,3,0,5,4,5,5,4,0,0,100,0,1000,-2.05999675176328,0.919549140353976,0.360382067413964,3
228,0,0,0,1,0,0,0,0,1,3,2,2,2,2,5,3,2,3,6,2,1,10,3,2,5,2,4,0,0,0,0,0,0,0,3,4,5,3,5,4,5,0,1,1,0,0,0.329069686052617,-4.14203326664176,-1.85256474577787,4
229,0,1,1,0,0,1,0,0,0,5,3,3,5,3,2,3,6,5,2,5,1000,0,5,5,3,4,3,0,0,5,0,0,9,0,0,0,5,5,4,4,5,0,0,0,1,10,2.51906368557299,1.20297238090318,0.186123208487329,1
230,0,1,1,0,0,1,0,0,0,6,2,3,6,2,2,3,6,5,3,5,1000,0,2,6,2,4,3,0,2,5,0,0,3,0,0,0,4,5,4,4,5,0,0,0,1,1,3.46425202802581,0.53584776762994,0.000605771617588778,1
231,0,0,0,1,0,0,0,0,1,3,3,3,2,2,5,3,2,1,5,1,1,10,3,2,5,2,4,0,0,0,9,0,0,0,2,5,3,4,6,6,3,1,1,1,0,1000,-0.359143933667831,-3.80082120121421,-0.424801696961928,4
232,0,1,1,0,0,1,0,0,0,5,3,3,5,1,2,2,5,4,3,6,1e+07,0,3,5,3,3,3,0,6,0,0,0,0,3,0,0,5,4,4,4,5,0,0,100,1,10,2.76706749713175,-0.0293916928390976,0.324430834608644,1
233,1,0,0,0,0,0,0,0,0,3,3,5,2,2,2,3,3,2,3,2,0,1,4,2,2,2,6,9,0,0,0,0,0,0,0,0,3,4,3,5,5,0,10,1,0,10,0.131315139095395,-1.15047870055634,3.05449844668468,2
234,0,1,1,0,0,1,0,0,0,6,4,3,5,2,2,3,5,5,3,5,1e+07,0,6,6,2,4,2,0,7,2,0,0,0,2,0,0,4,4,5,4,3,0,0,0,10,1,2.54051386785205,0.651113421086267,-0.0323857648661743,1
235,0,0,0,0,1,0,1,1,0,2,6,3,2,5,1,5,2,3,2,3,10,100,5,3,4,6,2,0,0,0,0,0,0,0,7,0,4,6,4,5,4,0,0,100,10,1000,-2.04915770571413,1.48942923031907,0.625767588634157,3
236,0,1,1,0,0,1,0,0,0,6,2,3,5,2,3,3,5,6,3,6,1e+06,0,4,5,2,4,3,0,3,7,0,0,0,0,0,0,3,4,3,4,4,0,0,100,1,10,3.23436259838903,-0.149898149656188,-0.185302665905693,1
237,0,0,0,1,0,0,0,0,1,2,2,3,2,3,5,3,2,3,5,1,1,10,2,3,5,2,4,0,0,0,0,0,0,0,6,6,5,5,6,3,6,1,1,100,10,10000,-0.147103992540278,-3.74296964309575,-0.47403034567313,4
238,0,0,0,0,1,0,1,1,0,2,6,3,1,5,3,6,2,1,3,4,10000,100,4,4,4,5,3,0,0,0,0,2,0,0,6,0,5,4,5,4,5,0,0,100,10,100,-2.99816286752157,-0.367304316125825,-0.0370109508562304,3
239,0,1,1,0,0,1,0,0,0,5,3,3,5,2,3,3,6,5,3,5,1000,0,3,5,2,4,3,0,6,5,0,0,7,0,0,0,4,5,6,5,4,0,0,0,10,10,2.76905409799997,-0.0710535784908113,-0.215639138764208,1
240,0,1,1,0,0,1,0,0,0,5,2,3,4,3,2,3,6,6,2,6,1000,0,4,5,3,4,2,0,0,0,0,3,0,0,0,0,5,5,5,5,5,0,0,100,10,10,2.74812590767954,1.02594051855015,0.275491195002819,1
241,0,0,0,0,1,0,1,1,0,3,6,3,2,5,3,6,2,2,3,4,10,100,4,4,4,6,2,0,0,0,0,0,0,0,7,0,6,3,6,4,4,0,0,100,0,100,-2.27596326834862,-0.0418315100060531,-0.212887288032757,3
242,1,0,0,0,0,0,0,0,0,3,3,6,2,2,3,3,3,2,3,2,0,1,4,2,3,2,5,0,0,0,0,4,0,0,0,0,5,4,2,4,5,0,10,1,0,10000,0.152905525397608,-1.91042086085345,3.96674453555183,2
243,0,0,0,1,0,0,0,0,1,2,2,3,2,3,5,2,2,2,6,1,1,10,3,2,5,2,4,0,0,0,3,0,0,0,0,7,4,5,3,4,4,1,1,1,0,0,-0.141098918029848,-4.57245382689715,-0.5852534106919,4
244,0,1,1,0,0,1,0,0,0,6,4,2,5,2,3,3,5,4,3,6,1000,0,4,6,2,4,2,0,0,2,0,0,7,0,0,0,6,4,5,4,4,0,0,0,1,1,2.29568280491518,0.191887146525904,-1.41682903123221,1
245,0,0,0,0,1,0,1,1,0,3,6,3,3,5,2,6,3,1,3,4,100,100,4,4,4,5,3,0,0,0,0,0,0,4,2,0,3,4,4,4,6,0,0,100,10,100,-2.04607383871184,0.643914407280076,-0.0269788505094756,3
246,0,1,1,0,0,1,0,0,0,6,2,3,5,2,2,3,5,4,2,5,1e+06,0,4,6,3,4,3,0,4,5,0,0,5,0,0,0,5,3,6,4,5,0,0,0,1,1,2.74684094616299,0.778061732487978,0.409949076216024,1
247,0,0,0,0,1,0,1,1,0,3,5,3,2,5,3,5,3,2,3,4,10000,100,4,4,4,4,2,0,0,0,0,3,6,0,5,0,5,4,4,3,5,0,0,100,10,100,-1.55935724092605,-0.240579967994958,-0.129213702085781,3
248,0,1,1,0,0,1,0,0,0,6,3,3,6,2,2,3,5,4,3,5,1000,0,3,5,3,4,2,0,0,0,0,0,2,0,0,0,4,3,3,5,5,0,0,100,1,100,2.75601635333875,0.48175659627832,0.0377158129642062,1
249,0,0,0,1,0,0,0,0,1,4,2,3,3,2,5,3,3,2,6,2,1,10,5,3,5,2,4,0,0,0,0,0,0,5,4,2,5,5,4,4,3,1,1,100,10,10000,0.828323154459738,-4.10120933410187,-0.818936183373469,4
250,0,0,0,0,1,0,1,1,0,3,6,3,2,6,2,6,3,1,3,4,10000,100,4,3,4,6,3,0,0,0,0,5,0,0,3,0,6,2,4,6,5,0,0,100,10,1000,-2.52357145312498,0.676220298062828,-0.0582592877652044,3
251,0,0,0,0,1,0,1,1,0,3,6,2,2,5,2,5,2,2,2,4,10000,100,3,4,4,5,2,0,0,0,0,2,0,0,0,0,4,4,4,4,5,0,0,100,10,10000,-2.04621511618288,1.14522313130958,-0.823201641717924,3
252,0,0,0,0,1,0,1,1,0,2,6,3,2,5,2,6,3,2,3,4,10000,100,4,4,4,5,3,0,0,0,0,0,2,0,8,0,5,4,5,4,6,0,0,100,10,10000,-2.28706762287004,0.525056712956658,0.0471803178191205,3
253,0,0,0,1,0,0,0,0,1,3,2,3,2,2,6,3,2,3,5,2,1,10,1,2,6,3,4,0,0,0,0,0,0,3,0,2,4,4,5,3,5,1,1,1,0,100,0.353025350579902,-4.325330872478,-0.708311964598346,4
254,0,0,0,0,1,0,1,1,0,2,6,3,2,5,2,6,2,3,3,4,10000,100,6,4,5,5,2,0,0,0,0,0,0,0,2,0,4,4,6,5,5,0,0,100,10,100,-2.29181512874573,0.504386309820899,0.0623079724907425,3
255,0,0,0,0,1,0,1,1,0,2,5,3,3,5,2,5,3,2,3,3,10,100,4,4,4,5,2,0,0,0,0,3,0,0,3,0,4,4,5,3,3,0,0,100,10,10000,-1.58198896963309,0.309475370604538,0.136348354095164,3
256,0,0,0,0,1,0,1,1,0,2,5,3,2,5,2,6,3,1,3,4,100,100,1,4,4,6,3,0,0,0,0,0,0,6,0,2,3,5,5,4,5,0,0,100,100,100,-2.30538817658079,0.248554813477989,0.177773684416021,3
257,0,1,1,0,0,1,0,0,0,5,3,3,5,2,1,3,5,4,3,6,1000,0,5,5,2,4,3,0,0,0,0,0,9,0,0,0,5,5,5,3,4,0,0,0,1,10,2.26573854623681,0.817521785536373,0.42426144667819,1
258,0,0,0,0,1,0,1,1,0,3,5,2,1,5,2,5,2,1,2,4,10,100,2,4,4,5,3,0,0,0,0,2,0,0,6,0,4,6,5,4,4,0,0,10,10,100,-2.29835870909108,0.761576157160191,-0.632116486354504,3
259,0,0,0,0,1,0,1,1,0,2,5,3,2,5,2,6,2,1,2,4,10000,100,4,4,4,6,3,0,0,0,0,9,0,4,0,0,6,6,5,5,5,0,0,100,0,10000,-2.54837331173879,0.701221408904925,0.475766615823971,3
260,0,1,1,0,0,1,0,0,0,6,2,3,6,2,3,2,6,5,2,6,1000,0,3,5,3,4,3,0,0,0,0,2,5,0,0,0,5,4,3,3,5,0,0,100,10,10,3.72427168193012,0.405029809168814,0.0410096258381567,1
261,0,0,0,0,1,0,1,1,0,2,6,2,3,5,3,6,3,2,3,3,10000,100,4,4,4,5,3,6,0,0,0,2,0,0,0,0,4,6,5,5,4,0,0,10,10,100,-2.05747273910209,0.276283068965193,-1.4486133217374,3
262,0,0,0,0,1,0,1,1,0,3,6,3,2,4,2,5,2,3,2,4,10000,100,3,4,4,4,2,0,0,0,0,3,0,4,3,0,6,5,3,5,5,0,0,100,10,100,-1.54902836259395,0.907068000936821,0.391485969708941,3
263,0,0,0,0,1,0,1,1,0,3,5,3,2,5,2,5,3,1,3,4,10000,100,4,4,4,5,2,5,0,0,0,7,0,0,3,0,5,5,4,6,4,0,0,100,100,100,-1.80864126386978,0.214042915586514,0.183172763299607,3
264,0,1,1,0,0,1,0,0,0,6,3,3,6,2,2,3,6,6,3,6,1e+07,0,3,5,3,4,2,0,3,5,0,0,5,0,0,0,4,4,4,6,4,0,0,0,1,100,3.48257258173657,0.812349667108609,-0.129987594979311,1
265,0,0,0,0,1,0,1,1,0,2,6,2,3,4,3,5,3,3,3,3,10000,100,4,4,4,6,3,0,0,0,0,0,0,0,5,0,4,5,4,4,5,0,0,100,0,100,-1.32422199613614,0.0906075859675475,-1.33777463726949,3
266,0,1,1,0,0,1,0,0,0,6,2,3,5,2,2,3,5,6,2,6,1000,0,5,5,2,5,3,0,0,0,0,7,2,0,0,0,4,4,6,4,3,0,0,100,1,100,3.22804676117775,0.984676844284332,0.308231907368093,1
267,0,1,1,0,0,1,0,0,0,6,2,3,5,2,2,3,6,5,3,6,1000,0,3,5,2,3,2,0,0,0,0,0,9,0,0,0,4,4,4,3,3,0,0,100,10,10,3.23042898882837,0.428702692959219,0.0610975603841085,1
268,0,0,0,0,1,0,1,1,0,2,5,3,2,5,3,6,2,3,3,4,10000,100,5,4,4,6,3,0,0,0,0,0,0,0,0,0,5,5,5,4,4,0,0,100,100,100,-2.06085165951275,-0.226738473239241,-0.119485126297746,3
269,0,0,0,0,1,0,1,1,0,3,6,3,2,5,2,5,4,3,3,4,10000,100,4,4,4,6,3,0,0,0,0,6,0,0,5,0,5,5,5,4,3,0,0,100,100,100,-1.30436738926859,0.717830329997295,-0.0642654268168452,3
270,0,1,1,0,0,1,0,0,0,6,3,2,6,2,2,3,6,5,3,5,1e+07,0,3,5,3,4,2,0,0,0,0,0,2,0,0,0,4,4,5,6,5,0,0,0,1,10,3.22906040336333,0.911053832027895,-1.25290298038393,1
